00000  0.00000000E+00  2.10000000E-01 -2.21469892E+00 -6.13893018E-01  3.51496128E+00  6.81041488E+00  5.08170757E+00  1.60294128E+01 -9.82514597E-03  6.68407101E-01  3.01425272E-01  5.30853303E-03  1.59695161E-03  1.51461173E-02  5.88596867E+02  2.34861448E+08  3.58257117E+11  6.04896652E-03  8.56547913E-09  0.00000000E+00  0.00000000E+00  0.00000000E+00  0.00000000E+00  0.00000000E+00  0.00000000E+00  0.00000000E+00  0.00000000E+00  0.00000000E+00
00001  5.00000000E+04  2.10000000E-01 -2.24284524E+00 -6.13201545E-01  3.50757896E+00  6.80696310E+00  5.07554545E+00  1.60196959E+01 -1.26595545E-02  6.68406969E-01  3.01425404E-01  5.30853303E-03  1.59695161E-03  1.51461173E-02  5.90004271E+02  2.50188063E+08  3.82244416E+11  5.69950768E-03  6.97390020E-09  0.00000000E+00  0.00000000E+00  0.00000000E+00  0.00000000E+00  0.00000000E+00  0.00000000E+00  0.00000000E+00  0.00000000E+00  0.00000000E+00
00002  1.00000000E+05  2.10000000E-01 -2.24285079E+00 -6.13202239E-01  3.50757792E+00  6.80696394E+00  5.07554708E+00  1.60196984E+01 -1.26585890E-02  6.68406839E-01  3.01425533E-01  5.30853302E-03  1.59695162E-03  1.51461173E-02  5.90002858E+02  2.50191661E+08  3.82249302E+11  5.69951069E-03  6.97408118E-09  0.00000000E+00  0.00000000E+00  0.00000000E+00  0.00000000E+00  0.00000000E+00  0.00000000E+00  0.00000000E+00  0.00000000E+00  0.00000000E+00
00003  1.60000000E+05  2.10000000E-01 -2.24285076E+00 -6.13202242E-01  3.50757793E+00  6.80696397E+00  5.07554717E+00  1.60196985E+01 -1.26585631E-02  6.68406688E-01  3.01425685E-01  5.30853302E-03  1.59695163E-03  1.51461173E-02  5.90002851E+02  2.50191643E+08  3.82249272E+11  5.69951187E-03  6.97409103E-09  0.00000000E+00  0.00000000E+00  0.00000000E+00  0.00000000E+00  0.00000000E+00  0.00000000E+00  0.00000000E+00  0.00000000E+00  0.00000000E+00
00004  2.32000000E+05  2.09999999E-01 -2.24285076E+00 -6.13202250E-01  3.50757793E+00  6.80696400E+00  5.07554728E+00  1.60196985E+01 -1.26585348E-02  6.68406510E-01  3.01425862E-01  5.30853301E-03  1.59695163E-03  1.51461173E-02  5.90002836E+02  2.50191649E+08  3.82249275E+11  5.69951360E-03  6.97410439E-09  0.00000000E+00  0.00000000E+00  0.00000000E+00  0.00000000E+00  0.00000000E+00  0.00000000E+00  0.00000000E+00  0.00000000E+00  0.00000000E+00
00005  3.18400000E+05  2.09999999E-01 -2.24285077E+00 -6.13202259E-01  3.50757793E+00  6.80696405E+00  5.07554741E+00  1.60196986E+01 -1.26585024E-02  6.68406304E-01  3.01426069E-01  5.30853300E-03  1.59695164E-03  1.51461173E-02  5.90002818E+02  2.50191658E+08  3.82249282E+11  5.69951567E-03  6.97412033E-09  0.00000000E+00  0.00000000E+00  0.00000000E+00  0.00000000E+00  0.00000000E+00  0.00000000E+00  0.00000000E+00  0.00000000E+00  0.00000000E+00
00006  4.22080000E+05  2.09999999E-01 -2.24285077E+00 -6.13202269E-01  3.50757794E+00  6.80696410E+00  5.07554756E+00  1.60196988E+01 -1.26584656E-02  6.68406064E-01  3.01426309E-01  5.30853300E-03  1.59695165E-03  1.51461173E-02  5.90002797E+02  2.50191665E+08  3.82249283E+11  5.69951814E-03  6.97413931E-09  0.00000000E+00  0.00000000E+00  0.00000000E+00  0.00000000E+00  0.00000000E+00  0.00000000E+00  0.00000000E+00  0.00000000E+00  0.00000000E+00
00007  5.46496000E+05  2.09999999E-01 -2.24285079E+00 -6.13202282E-01  3.50757794E+00  6.80696416E+00  5.07554774E+00  1.60196989E+01 -1.26584240E-02  6.68405786E-01  3.01426586E-01  5.30853299E-03  1.59695166E-03  1.51461173E-02  5.90002771E+02  2.50191681E+08  3.82249296E+11  5.69952110E-03  6.97416188E-09  0.00000000E+00  0.00000000E+00  0.00000000E+00  0.00000000E+00  0.00000000E+00  0.00000000E+00  0.00000000E+00  0.00000000E+00  0.00000000E+00
00008  6.95795200E+05  2.09999998E-01 -2.24285080E+00 -6.13202298E-01  3.50757795E+00  6.80696424E+00  5.07554795E+00  1.60196991E+01 -1.26583777E-02  6.68405466E-01  3.01426906E-01  5.30853298E-03  1.59695167E-03  1.51461173E-02  5.90002741E+02  2.50191694E+08  3.82249304E+11  5.69952463E-03  6.97418870E-09  0.00000000E+00  0.00000000E+00  0.00000000E+00  0.00000000E+00  0.00000000E+00  0.00000000E+00  0.00000000E+00  0.00000000E+00  0.00000000E+00
00009  8.74954240E+05  2.09999998E-01 -2.24285081E+00 -6.13202316E-01  3.50757795E+00  6.80696432E+00  5.07554819E+00  1.60196993E+01 -1.26583265E-02  6.68405099E-01  3.01427274E-01  5.30853297E-03  1.59695168E-03  1.51461173E-02  5.90002704E+02  2.50191711E+08  3.82249315E+11  5.69952883E-03  6.97422048E-09  0.00000000E+00  0.00000000E+00  0.00000000E+00  0.00000000E+00  0.00000000E+00  0.00000000E+00  0.00000000E+00  0.00000000E+00  0.00000000E+00
00010  1.08994509E+06  2.09999997E-01 -2.24285083E+00 -6.13202337E-01  3.50757796E+00  6.80696443E+00  5.07554847E+00  1.60196995E+01 -1.26582708E-02  6.68404679E-01  3.01427693E-01  5.30853296E-03  1.59695169E-03  1.51461173E-02  5.90002661E+02  2.50191730E+08  3.82249326E+11  5.69953385E-03  6.97425809E-09  0.00000000E+00  0.00000000E+00  0.00000000E+00  0.00000000E+00  0.00000000E+00  0.00000000E+00  0.00000000E+00  0.00000000E+00  0.00000000E+00
00011  1.34793411E+06  2.09999996E-01 -2.24285084E+00 -6.13202363E-01  3.50757797E+00  6.80696455E+00  5.07554880E+00  1.60196998E+01 -1.26582112E-02  6.68404202E-01  3.01428171E-01  5.30853295E-03  1.59695170E-03  1.51461173E-02  5.90002610E+02  2.50191752E+08  3.82249339E+11  5.69953981E-03  6.97430246E-09  0.00000000E+00  0.00000000E+00  0.00000000E+00  0.00000000E+00  0.00000000E+00  0.00000000E+00  0.00000000E+00  0.00000000E+00  0.00000000E+00
00012  1.65752093E+06  2.09999996E-01 -2.24285094E+00 -6.13202408E-01  3.50757797E+00  6.80696421E+00  5.07554746E+00  1.60196990E+01 -1.26587915E-02  6.68406655E-01  3.01425718E-01  5.30853303E-03  1.59695157E-03  1.51461173E-02  5.90002520E+02  2.50191833E+08  3.82249424E+11  5.69953179E-03  6.97419038E-09  0.00000000E+00  0.00000000E+00  0.00000000E+00  0.00000000E+00  0.00000000E+00  0.00000000E+00  0.00000000E+00  0.00000000E+00  0.00000000E+00
00013  2.02902511E+06  2.09999995E-01 -2.24285095E+00 -6.13202447E-01  3.50757798E+00  6.80696428E+00  5.07554757E+00  1.60196991E+01 -1.26588336E-02  6.68406563E-01  3.01425810E-01  5.30853303E-03  1.59695140E-03  1.51461174E-02  5.90002441E+02  2.50191859E+08  3.82249431E+11  5.69953696E-03  6.97421828E-09  0.00000000E+00  0.00000000E+00  0.00000000E+00  0.00000000E+00  0.00000000E+00  0.00000000E+00  0.00000000E+00  0.00000000E+00  0.00000000E+00
00014  2.47483013E+06  2.09999993E-01 -2.24285103E+00 -6.13202495E-01  3.50757799E+00  6.80696436E+00  5.07554771E+00  1.60196993E+01 -1.26588847E-02  6.68406446E-01  3.01425927E-01  5.30853303E-03  1.59695123E-03  1.51461177E-02  5.90002345E+02  2.50191928E+08  3.82249496E+11  5.69954319E-03  6.97425231E-09  0.00000000E+00  0.00000000E+00  0.00000000E+00  0.00000000E+00  0.00000000E+00  0.00000000E+00  0.00000000E+00  0.00000000E+00  0.00000000E+00
00015  3.00979616E+06  2.09999992E-01 -2.24285110E+00 -6.13202551E-01  3.50757800E+00  6.80696446E+00  5.07554788E+00  1.60196995E+01 -1.26589498E-02  6.68406304E-01  3.01426068E-01  5.30853303E-03  1.59695124E-03  1.51461177E-02  5.90002233E+02  2.50191998E+08  3.82249557E+11  5.69955057E-03  6.97429280E-09  0.00000000E+00  0.00000000E+00  0.00000000E+00  0.00000000E+00  0.00000000E+00  0.00000000E+00  0.00000000E+00  0.00000000E+00  0.00000000E+00
00016  3.65175539E+06  2.09999990E-01 -2.24285117E+00 -6.13202617E-01  3.50757801E+00  6.80696459E+00  5.07554808E+00  1.60196998E+01 -1.26590331E-02  6.68406135E-01  3.01426238E-01  5.30853303E-03  1.59695124E-03  1.51461177E-02  5.90002100E+02  2.50192074E+08  3.82249618E+11  5.69955931E-03  6.97434094E-09  0.00000000E+00  0.00000000E+00  0.00000000E+00  0.00000000E+00  0.00000000E+00  0.00000000E+00  0.00000000E+00  0.00000000E+00  0.00000000E+00
00017  4.42210647E+06  2.09999988E-01 -2.24285125E+00 -6.13202695E-01  3.50757803E+00  6.80696473E+00  5.07554831E+00  1.60197001E+01 -1.26591405E-02  6.68405931E-01  3.01426441E-01  5.30853303E-03  1.59695127E-03  1.51461177E-02  5.90001944E+02  2.50192160E+08  3.82249684E+11  5.69956963E-03  6.97439811E-09  0.00000000E+00  0.00000000E+00  0.00000000E+00  0.00000000E+00  0.00000000E+00  0.00000000E+00  0.00000000E+00  0.00000000E+00  0.00000000E+00
00018  5.34652777E+06  2.09999985E-01 -2.24285134E+00 -6.13202787E-01  3.50757805E+00  6.80696490E+00  5.07554858E+00  1.60197005E+01 -1.26592799E-02  6.68405687E-01  3.01426685E-01  5.30853302E-03  1.59695131E-03  1.51461177E-02  5.90001761E+02  2.50192258E+08  3.82249759E+11  5.69958178E-03  6.97446585E-09  0.00000000E+00  0.00000000E+00  0.00000000E+00  0.00000000E+00  0.00000000E+00  0.00000000E+00  0.00000000E+00  0.00000000E+00  0.00000000E+00
00019  6.45583332E+06  2.09999982E-01 -2.24285145E+00 -6.13202894E-01  3.50757808E+00  6.80696510E+00  5.07554890E+00  1.60197009E+01 -1.26594619E-02  6.68405394E-01  3.01426978E-01  5.30853302E-03  1.59695124E-03  1.51461178E-02  5.90001548E+02  2.50192372E+08  3.82249844E+11  5.69959604E-03  6.97454594E-09  0.00000000E+00  0.00000000E+00  0.00000000E+00  0.00000000E+00  0.00000000E+00  0.00000000E+00  0.00000000E+00  0.00000000E+00  0.00000000E+00
00020  7.78699998E+06  2.09999979E-01 -2.24285156E+00 -6.13203017E-01  3.50757812E+00  6.80696534E+00  5.07554926E+00  1.60197014E+01 -1.26597008E-02  6.68405043E-01  3.01427330E-01  5.30853302E-03  1.59695115E-03  1.51461178E-02  5.90001301E+02  2.50192498E+08  3.82249935E+11  5.69961269E-03  6.97464036E-09  0.00000000E+00  0.00000000E+00  0.00000000E+00  0.00000000E+00  0.00000000E+00  0.00000000E+00  0.00000000E+00  0.00000000E+00  0.00000000E+00
00021  9.38439998E+06  2.09999974E-01 -2.24285169E+00 -6.13203160E-01  3.50757815E+00  6.80696562E+00  5.07554969E+00  1.60197019E+01 -1.26600162E-02  6.68404621E-01  3.01427752E-01  5.30853299E-03  1.59695120E-03  1.51461178E-02  5.90001017E+02  2.50192645E+08  3.82250041E+11  5.69963205E-03  6.97475131E-09  0.00000000E+00  0.00000000E+00  0.00000000E+00  0.00000000E+00  0.00000000E+00  0.00000000E+00  0.00000000E+00  0.00000000E+00  0.00000000E+00
00022  1.13012800E+07  2.09999969E-01 -2.24285181E+00 -6.13203323E-01  3.50757821E+00  6.80696595E+00  5.07555017E+00  1.60197025E+01 -1.26604339E-02  6.68404114E-01  3.01428258E-01  5.30853299E-03  1.59695113E-03  1.51461179E-02  5.90000692E+02  2.50192797E+08  3.82250140E+11  5.69965442E-03  6.97488128E-09  0.00000000E+00  0.00000000E+00  0.00000000E+00  0.00000000E+00  0.00000000E+00  0.00000000E+00  0.00000000E+00  0.00000000E+00  0.00000000E+00
00023  1.36015360E+07  2.09999963E-01 -2.24285196E+00 -6.13203507E-01  3.50757826E+00  6.80696634E+00  5.07555071E+00  1.60197033E+01 -1.26609891E-02  6.68403507E-01  3.01428866E-01  5.30853298E-03  1.59695130E-03  1.51461178E-02  5.90000325E+02  2.50192973E+08  3.82250259E+11  5.69968008E-03  6.97503287E-09  0.00000000E+00  0.00000000E+00  0.00000000E+00  0.00000000E+00  0.00000000E+00  0.00000000E+00  0.00000000E+00  0.00000000E+00  0.00000000E+00
00024  1.63618432E+07  2.09999955E-01 -2.24285208E+00 -6.13203714E-01  3.50757833E+00  6.80696679E+00  5.07555132E+00  1.60197041E+01 -1.26617278E-02  6.68402778E-01  3.01429595E-01  5.30853297E-03  1.59695142E-03  1.51461177E-02  5.89999916E+02  2.50193145E+08  3.82250354E+11  5.69970927E-03  6.97520882E-09  0.00000000E+00  0.00000000E+00  0.00000000E+00  0.00000000E+00  0.00000000E+00  0.00000000E+00  0.00000000E+00  0.00000000E+00  0.00000000E+00
00025  1.96742118E+07  2.09999946E-01 -2.24285218E+00 -6.13203941E-01  3.50757842E+00  6.80696731E+00  5.07555200E+00  1.60197049E+01 -1.26627107E-02  6.68401903E-01  3.01430470E-01  5.30853298E-03  1.59695159E-03  1.51461173E-02  5.89999465E+02  2.50193312E+08  3.82250425E+11  5.69974216E-03  6.97541205E-09  0.00000000E+00  0.00000000E+00  0.00000000E+00  0.00000000E+00  0.00000000E+00  0.00000000E+00  0.00000000E+00  0.00000000E+00  0.00000000E+00
00026  2.36490542E+07  2.09999935E-01 -2.24285228E+00 -6.13204187E-01  3.50757852E+00  6.80696792E+00  5.07555272E+00  1.60197059E+01 -1.26640185E-02  6.68400853E-01  3.01431519E-01  5.30853297E-03  1.59695028E-03  1.51461187E-02  5.89998979E+02  2.50193483E+08  3.82250489E+11  5.69977882E-03  6.97564548E-09  0.00000000E+00  0.00000000E+00  0.00000000E+00  0.00000000E+00  0.00000000E+00  0.00000000E+00  0.00000000E+00  0.00000000E+00  0.00000000E+00
00027  2.84188650E+07  2.09999922E-01 -2.24285226E+00 -6.13204449E-01  3.50757866E+00  6.80696861E+00  5.07555350E+00  1.60197069E+01 -1.26657510E-02  6.68399593E-01  3.01432779E-01  5.30853280E-03  1.59695199E-03  1.51461176E-02  5.89998463E+02  2.50193591E+08  3.82250448E+11  5.69981925E-03  6.97591229E-09  0.00000000E+00  0.00000000E+00  0.00000000E+00  0.00000000E+00  0.00000000E+00  0.00000000E+00  0.00000000E+00  0.00000000E+00  0.00000000E+00
00028  3.41426380E+07  2.09999906E-01 -2.24285222E+00 -6.13204720E-01  3.50757880E+00  6.80696941E+00  5.07555429E+00  1.60197079E+01 -1.26680409E-02  6.68398082E-01  3.01434291E-01  5.30853279E-03  1.59695235E-03  1.51461173E-02  5.89997934E+02  2.50193685E+08  3.82250382E+11  5.69986307E-03  6.97621517E-09  0.00000000E+00  0.00000000E+00  0.00000000E+00  0.00000000E+00  0.00000000E+00  0.00000000E+00  0.00000000E+00  0.00000000E+00  0.00000000E+00
00029  4.10111656E+07  2.09999887E-01 -2.24285200E+00 -6.13204991E-01  3.50757899E+00  6.80697032E+00  5.07555509E+00  1.60197090E+01 -1.26710463E-02  6.68396267E-01  3.01436105E-01  5.30853278E-03  1.59695208E-03  1.51461168E-02  5.89997409E+02  2.50193669E+08  3.82250154E+11  5.69990999E-03  6.97655764E-09  0.00000000E+00  0.00000000E+00  0.00000000E+00  0.00000000E+00  0.00000000E+00  0.00000000E+00  0.00000000E+00  0.00000000E+00  0.00000000E+00
00030  4.92533987E+07  2.09999864E-01 -2.24285160E+00 -6.13205252E-01  3.50757922E+00  6.80697135E+00  5.07555585E+00  1.60197100E+01 -1.26749635E-02  6.68394091E-01  3.01438283E-01  5.30853276E-03  1.59694982E-03  1.51461185E-02  5.89996910E+02  2.50193539E+08  3.82249767E+11  5.69995942E-03  6.97694305E-09  0.00000000E+00  0.00000000E+00  0.00000000E+00  0.00000000E+00  0.00000000E+00  0.00000000E+00  0.00000000E+00  0.00000000E+00  0.00000000E+00
00031  5.91440784E+07  2.09999836E-01 -2.24285097E+00 -6.13205490E-01  3.50757950E+00  6.80697253E+00  5.07555654E+00  1.60197108E+01 -1.26800268E-02  6.68391479E-01  3.01440894E-01  5.30853274E-03  1.59694676E-03  1.51461224E-02  5.89996463E+02  2.50193246E+08  3.82249159E+11  5.70001083E-03  6.97737633E-09  0.00000000E+00  0.00000000E+00  0.00000000E+00  0.00000000E+00  0.00000000E+00  0.00000000E+00  0.00000000E+00  0.00000000E+00  0.00000000E+00
00032  7.10128941E+07  2.09999804E-01 -2.24285006E+00 -6.13205690E-01  3.50757983E+00  6.80697386E+00  5.07555711E+00  1.60197116E+01 -1.26865135E-02  6.68388345E-01  3.01444027E-01  5.30853290E-03  1.59694627E-03  1.51461236E-02  5.89996101E+02  2.50192760E+08  3.82248302E+11  5.70006338E-03  6.97786246E-09  0.00000000E+00  0.00000000E+00  0.00000000E+00  0.00000000E+00  0.00000000E+00  0.00000000E+00  0.00000000E+00  0.00000000E+00  0.00000000E+00
00033  8.52554730E+07  2.09999764E-01 -2.24284875E+00 -6.13205839E-01  3.50758023E+00  6.80697538E+00  5.07555753E+00  1.60197121E+01 -1.26947375E-02  6.68384582E-01  3.01447788E-01  5.30853286E-03  1.59694744E-03  1.51461237E-02  5.89995852E+02  2.50191997E+08  3.82247076E+11  5.70011689E-03  6.97841037E-09  0.00000000E+00  0.00000000E+00  0.00000000E+00  0.00000000E+00  0.00000000E+00  0.00000000E+00  0.00000000E+00  0.00000000E+00  0.00000000E+00
00034  1.02346568E+08  2.09999717E-01 -2.24284700E+00 -6.13205926E-01  3.50758071E+00  6.80697712E+00  5.07555776E+00  1.60197123E+01 -1.27050633E-02  6.68380064E-01  3.01452301E-01  5.30853348E-03  1.59695387E-03  1.51461227E-02  5.89995742E+02  2.50190927E+08  3.82245451E+11  5.70017129E-03  6.97903259E-09  0.00000000E+00  0.00000000E+00  0.00000000E+00  0.00000000E+00  0.00000000E+00  0.00000000E+00  0.00000000E+00  0.00000000E+00  0.00000000E+00
00035  1.22855881E+08  2.09999660E-01 -2.24284456E+00 -6.13205941E-01  3.50758133E+00  6.80697914E+00  5.07555776E+00  1.60197122E+01 -1.27178701E-02  6.68374645E-01  3.01457720E-01  5.30853343E-03  1.59695376E-03  1.51461227E-02  5.89995790E+02  2.50189395E+08  3.82243201E+11  5.70022716E-03  6.97974309E-09  0.00000000E+00  0.00000000E+00  0.00000000E+00  0.00000000E+00  0.00000000E+00  0.00000000E+00  0.00000000E+00  0.00000000E+00  0.00000000E+00
00036  1.47467057E+08  2.09999592E-01 -2.24284174E+00 -6.13205872E-01  3.50758200E+00  6.80698148E+00  5.07555751E+00  1.60197118E+01 -1.27336682E-02  6.68368141E-01  3.01464219E-01  5.30853337E-03  1.59698684E-03  1.51460932E-02  5.89996026E+02  2.50187565E+08  3.82240589E+11  5.70028483E-03  6.98056108E-09  0.00000000E+00  0.00000000E+00  0.00000000E+00  0.00000000E+00  0.00000000E+00  0.00000000E+00  0.00000000E+00  0.00000000E+00  0.00000000E+00
00037  1.77000469E+08  2.09999510E-01 -2.24283798E+00 -6.13205721E-01  3.50758286E+00  6.80698422E+00  5.07555700E+00  1.60197110E+01 -1.27529415E-02  6.68360340E-01  3.01472021E-01  5.30852806E-03  1.59700224E-03  1.51460859E-02  5.89996449E+02  2.50185118E+08  3.82237131E+11  5.70034679E-03  6.98150865E-09  0.00000000E+00  0.00000000E+00  0.00000000E+00  0.00000000E+00  0.00000000E+00  0.00000000E+00  0.00000000E+00  0.00000000E+00  0.00000000E+00
00038  2.00000000E+08  2.09999447E-01 -2.24283493E+00 -6.13205581E-01  3.50758356E+00  6.80698634E+00  5.07555654E+00  1.60197103E+01 -1.27680658E-02  6.68354263E-01  3.01478093E-01  5.30852801E-03  1.59701717E-03  1.51460768E-02  5.89996823E+02  2.50183128E+08  3.82234331E+11  5.70039276E-03  6.98224385E-09  0.00000000E+00  0.00000000E+00  0.00000000E+00  0.00000000E+00  0.00000000E+00  0.00000000E+00  0.00000000E+00  0.00000000E+00  0.00000000E+00
