00000  0.00000000E+00  2.10000000E-01 -2.04712500E+00 -6.47401145E-01  3.57360882E+00  6.80316207E+00  5.18068906E+00  1.61613285E+01  3.85612959E-01  7.55687250E-01  2.43306514E-01  1.77065207E-04  5.33808294E-05  5.05196141E-04  5.24270904E+02  1.72482859E+08  2.43568380E+11  8.89955274E-03  2.84964688E-10  0.00000000E+00  0.00000000E+00  0.00000000E+00  0.00000000E+00  0.00000000E+00  0.00000000E+00  0.00000000E+00  0.00000000E+00  0.00000000E+00
00001  5.00000000E+04  2.10000000E-01 -2.05203805E+00 -6.49111598E-01  3.57323578E+00  6.80219722E+00  5.18339236E+00  1.61633978E+01  3.98536143E-01  7.55687049E-01  2.43306715E-01  1.77065207E-04  5.33808295E-05  5.05196142E-04  5.21182801E+02  1.75133589E+08  2.46339445E+11  8.84645374E-03  2.72415209E-10  0.00000000E+00  0.00000000E+00  0.00000000E+00  0.00000000E+00  0.00000000E+00  0.00000000E+00  0.00000000E+00  0.00000000E+00  0.00000000E+00
00002  1.00000000E+05  2.10000000E-01 -2.05204084E+00 -6.49112186E-01  3.57323538E+00  6.80219805E+00  5.18339392E+00  1.61634002E+01  3.98536998E-01  7.55686857E-01  2.43306907E-01  1.77065207E-04  5.33808299E-05  5.05196141E-04  5.21181744E+02  1.75134952E+08  2.46341029E+11  8.84644632E-03  2.72421845E-10  0.00000000E+00  0.00000000E+00  0.00000000E+00  0.00000000E+00  0.00000000E+00  0.00000000E+00  0.00000000E+00  0.00000000E+00  0.00000000E+00
00003  1.60000000E+05  2.10000000E-01 -2.05204085E+00 -6.49112195E-01  3.57323538E+00  6.80219809E+00  5.18339405E+00  1.61634003E+01  3.98537033E-01  7.55686636E-01  2.43307128E-01  1.77065207E-04  5.33808301E-05  5.05196141E-04  5.21181728E+02  1.75134959E+08  2.46341035E+11  8.84644937E-03  2.72422430E-10  0.00000000E+00  0.00000000E+00  0.00000000E+00  0.00000000E+00  0.00000000E+00  0.00000000E+00  0.00000000E+00  0.00000000E+00  0.00000000E+00
00004  2.32000000E+05  2.09999999E-01 -2.05204087E+00 -6.49112207E-01  3.57323538E+00  6.80219814E+00  5.18339420E+00  1.61634004E+01  3.98537071E-01  7.55686384E-01  2.43307380E-01  1.77065207E-04  5.33808302E-05  5.05196141E-04  5.21181707E+02  1.75134970E+08  2.46341043E+11  8.84645358E-03  2.72423197E-10  0.00000000E+00  0.00000000E+00  0.00000000E+00  0.00000000E+00  0.00000000E+00  0.00000000E+00  0.00000000E+00  0.00000000E+00  0.00000000E+00
00005  3.18400000E+05  2.09999999E-01 -2.05204089E+00 -6.49112221E-01  3.57323538E+00  6.80219820E+00  5.18339438E+00  1.61634006E+01  3.98537112E-01  7.55686097E-01  2.43307667E-01  1.77065207E-04  5.33808304E-05  5.05196141E-04  5.21181682E+02  1.75134983E+08  2.46341054E+11  8.84645861E-03  2.72424106E-10  0.00000000E+00  0.00000000E+00  0.00000000E+00  0.00000000E+00  0.00000000E+00  0.00000000E+00  0.00000000E+00  0.00000000E+00  0.00000000E+00
00006  4.22080000E+05  2.09999999E-01 -2.05204092E+00 -6.49112237E-01  3.57323539E+00  6.80219828E+00  5.18339459E+00  1.61634007E+01  3.98537157E-01  7.55685770E-01  2.43307993E-01  1.77065206E-04  5.33808307E-05  5.05196141E-04  5.21181652E+02  1.75135001E+08  2.46341070E+11  8.84646461E-03  2.72425182E-10  0.00000000E+00  0.00000000E+00  0.00000000E+00  0.00000000E+00  0.00000000E+00  0.00000000E+00  0.00000000E+00  0.00000000E+00  0.00000000E+00
00007  5.46496000E+05  2.09999998E-01 -2.05204095E+00 -6.49112257E-01  3.57323539E+00  6.80219836E+00  5.18339482E+00  1.61634010E+01  3.98537205E-01  7.55685402E-01  2.43308362E-01  1.77065206E-04  5.33808309E-05  5.05196141E-04  5.21181617E+02  1.75135021E+08  2.46341087E+11  8.84647175E-03  2.72426454E-10  0.00000000E+00  0.00000000E+00  0.00000000E+00  0.00000000E+00  0.00000000E+00  0.00000000E+00  0.00000000E+00  0.00000000E+00  0.00000000E+00
00008  6.95795200E+05  2.09999998E-01 -2.05204099E+00 -6.49112281E-01  3.57323539E+00  6.80219847E+00  5.18339509E+00  1.61634012E+01  3.98537257E-01  7.55684987E-01  2.43308777E-01  1.77065206E-04  5.33808311E-05  5.05196141E-04  5.21181575E+02  1.75135044E+08  2.46341107E+11  8.84648025E-03  2.72427954E-10  0.00000000E+00  0.00000000E+00  0.00000000E+00  0.00000000E+00  0.00000000E+00  0.00000000E+00  0.00000000E+00  0.00000000E+00  0.00000000E+00
00009  8.74954240E+05  2.09999997E-01 -2.05204103E+00 -6.49112309E-01  3.57323539E+00  6.80219859E+00  5.18339541E+00  1.61634015E+01  3.98537310E-01  7.55684521E-01  2.43309243E-01  1.77065206E-04  5.33808312E-05  5.05196142E-04  5.21181525E+02  1.75135071E+08  2.46341130E+11  8.84649034E-03  2.72429717E-10  0.00000000E+00  0.00000000E+00  0.00000000E+00  0.00000000E+00  0.00000000E+00  0.00000000E+00  0.00000000E+00  0.00000000E+00  0.00000000E+00
00010  1.08994509E+06  2.09999997E-01 -2.05204108E+00 -6.49112342E-01  3.57323540E+00  6.80219873E+00  5.18339576E+00  1.61634018E+01  3.98537364E-01  7.55684002E-01  2.43309762E-01  1.77065206E-04  5.33808316E-05  5.05196141E-04  5.21181466E+02  1.75135104E+08  2.46341158E+11  8.84650228E-03  2.72431783E-10  0.00000000E+00  0.00000000E+00  0.00000000E+00  0.00000000E+00  0.00000000E+00  0.00000000E+00  0.00000000E+00  0.00000000E+00  0.00000000E+00
00011  1.34793411E+06  2.09999996E-01 -2.05204113E+00 -6.49112381E-01  3.57323540E+00  6.80219889E+00  5.18339616E+00  1.61634022E+01  3.98537416E-01  7.55683423E-01  2.43310341E-01  1.77065205E-04  5.33808318E-05  5.05196142E-04  5.21181397E+02  1.75135141E+08  2.46341189E+11  8.84651637E-03  2.72434196E-10  0.00000000E+00  0.00000000E+00  0.00000000E+00  0.00000000E+00  0.00000000E+00  0.00000000E+00  0.00000000E+00  0.00000000E+00  0.00000000E+00
00012  1.65752093E+06  2.09999995E-01 -2.05204127E+00 -6.49112447E-01  3.57323540E+00  6.80219845E+00  5.18339452E+00  1.61634011E+01  3.98536748E-01  7.55686564E-01  2.43307200E-01  1.77065207E-04  5.33809045E-05  5.05196058E-04  5.21181279E+02  1.75135220E+08  2.46341263E+11  8.84649757E-03  2.72428340E-10  0.00000000E+00  0.00000000E+00  0.00000000E+00  0.00000000E+00  0.00000000E+00  0.00000000E+00  0.00000000E+00  0.00000000E+00  0.00000000E+00
00013  2.02902511E+06  2.09999994E-01 -2.05204132E+00 -6.49112508E-01  3.57323542E+00  6.80219856E+00  5.18339470E+00  1.61634013E+01  3.98536694E-01  7.55686416E-01  2.43307348E-01  1.77065193E-04  5.33798585E-05  5.05196442E-04  5.21181172E+02  1.75135263E+08  2.46341291E+11  8.84651010E-03  2.72429977E-10  0.00000000E+00  0.00000000E+00  0.00000000E+00  0.00000000E+00  0.00000000E+00  0.00000000E+00  0.00000000E+00  0.00000000E+00  0.00000000E+00
00014  2.47483013E+06  2.09999993E-01 -2.05204147E+00 -6.49112580E-01  3.57323542E+00  6.80219868E+00  5.18339491E+00  1.61634016E+01  3.98536623E-01  7.55686234E-01  2.43307530E-01  1.77064923E-04  5.33823225E-05  5.05195110E-04  5.21181044E+02  1.75135353E+08  2.46341378E+11  8.84652504E-03  2.72431565E-10  0.00000000E+00  0.00000000E+00  0.00000000E+00  0.00000000E+00  0.00000000E+00  0.00000000E+00  0.00000000E+00  0.00000000E+00  0.00000000E+00
00015  3.00979616E+06  2.09999991E-01 -2.05204158E+00 -6.49112664E-01  3.57323543E+00  6.80219884E+00  5.18339516E+00  1.61634019E+01  3.98536530E-01  7.55686014E-01  2.43307750E-01  1.77064923E-04  5.33823246E-05  5.05195105E-04  5.21180895E+02  1.75135426E+08  2.46341435E+11  8.84654266E-03  2.72433936E-10  0.00000000E+00  0.00000000E+00  0.00000000E+00  0.00000000E+00  0.00000000E+00  0.00000000E+00  0.00000000E+00  0.00000000E+00  0.00000000E+00
00016  3.65175539E+06  2.09999989E-01 -2.05204173E+00 -6.49112762E-01  3.57323545E+00  6.80219902E+00  5.18339546E+00  1.61634023E+01  3.98536404E-01  7.55685751E-01  2.43308013E-01  1.77064923E-04  5.33823268E-05  5.05195103E-04  5.21180720E+02  1.75135523E+08  2.46341518E+11  8.84656340E-03  2.72436743E-10  0.00000000E+00  0.00000000E+00  0.00000000E+00  0.00000000E+00  0.00000000E+00  0.00000000E+00  0.00000000E+00  0.00000000E+00  0.00000000E+00
00017  4.42210647E+06  2.09999987E-01 -2.05204190E+00 -6.49112877E-01  3.57323546E+00  6.80219923E+00  5.18339580E+00  1.61634028E+01  3.98536234E-01  7.55685435E-01  2.43308329E-01  1.77064923E-04  5.33823079E-05  5.05195127E-04  5.21180517E+02  1.75135634E+08  2.46341612E+11  8.84658772E-03  2.72440061E-10  0.00000000E+00  0.00000000E+00  0.00000000E+00  0.00000000E+00  0.00000000E+00  0.00000000E+00  0.00000000E+00  0.00000000E+00  0.00000000E+00
00018  5.34652777E+06  2.09999984E-01 -2.05204209E+00 -6.49113009E-01  3.57323548E+00  6.80219948E+00  5.18339619E+00  1.61634033E+01  3.98536005E-01  7.55685056E-01  2.43308708E-01  1.77064923E-04  5.33823260E-05  5.05195112E-04  5.21180281E+02  1.75135760E+08  2.46341717E+11  8.84661613E-03  2.72443969E-10  0.00000000E+00  0.00000000E+00  0.00000000E+00  0.00000000E+00  0.00000000E+00  0.00000000E+00  0.00000000E+00  0.00000000E+00  0.00000000E+00
00019  6.45583332E+06  2.09999980E-01 -2.05204231E+00 -6.49113162E-01  3.57323550E+00  6.80219977E+00  5.18339665E+00  1.61634039E+01  3.98535693E-01  7.55684601E-01  2.43309163E-01  1.77064923E-04  5.33823311E-05  5.05195104E-04  5.21180011E+02  1.75135904E+08  2.46341837E+11  8.84664912E-03  2.72448558E-10  0.00000000E+00  0.00000000E+00  0.00000000E+00  0.00000000E+00  0.00000000E+00  0.00000000E+00  0.00000000E+00  0.00000000E+00  0.00000000E+00
00020  7.78699998E+06  2.09999976E-01 -2.05204255E+00 -6.49113336E-01  3.57323553E+00  6.80220012E+00  5.18339717E+00  1.61634046E+01  3.98535269E-01  7.55684055E-01  2.43309709E-01  1.77064923E-04  5.33823191E-05  5.05195150E-04  5.21179703E+02  1.75136065E+08  2.46341970E+11  8.84668722E-03  2.72453926E-10  0.00000000E+00  0.00000000E+00  0.00000000E+00  0.00000000E+00  0.00000000E+00  0.00000000E+00  0.00000000E+00  0.00000000E+00  0.00000000E+00
00021  9.38439998E+06  2.09999972E-01 -2.05204281E+00 -6.49113531E-01  3.57323556E+00  6.80220053E+00  5.18339775E+00  1.61634054E+01  3.98534692E-01  7.55683400E-01  2.43310364E-01  1.77064923E-04  5.33822903E-05  5.05195186E-04  5.21179357E+02  1.75136241E+08  2.46342112E+11  8.84673088E-03  2.72460179E-10  0.00000000E+00  0.00000000E+00  0.00000000E+00  0.00000000E+00  0.00000000E+00  0.00000000E+00  0.00000000E+00  0.00000000E+00  0.00000000E+00
00022  1.13012800E+07  2.09999966E-01 -2.05204309E+00 -6.49113749E-01  3.57323560E+00  6.80220100E+00  5.18339840E+00  1.61634062E+01  3.98533907E-01  7.55682614E-01  2.43311150E-01  1.77064959E-04  5.33821096E-05  5.05195132E-04  5.21178973E+02  1.75136430E+08  2.46342261E+11  8.84678049E-03  2.72467478E-10  0.00000000E+00  0.00000000E+00  0.00000000E+00  0.00000000E+00  0.00000000E+00  0.00000000E+00  0.00000000E+00  0.00000000E+00  0.00000000E+00
00023  1.36015360E+07  2.09999959E-01 -2.05204337E+00 -6.49113987E-01  3.57323565E+00  6.80220154E+00  5.18339911E+00  1.61634072E+01  3.98532841E-01  7.55681671E-01  2.43312093E-01  1.77064959E-04  5.33815047E-05  5.05195735E-04  5.21178553E+02  1.75136626E+08  2.46342410E+11  8.84683631E-03  2.72475828E-10  0.00000000E+00  0.00000000E+00  0.00000000E+00  0.00000000E+00  0.00000000E+00  0.00000000E+00  0.00000000E+00  0.00000000E+00  0.00000000E+00
00024  1.63618432E+07  2.09999950E-01 -2.05204363E+00 -6.49114242E-01  3.57323571E+00  6.80220217E+00  5.18339987E+00  1.61634082E+01  3.98531400E-01  7.55680539E-01  2.43313225E-01  1.77064959E-04  5.33814926E-05  5.05195785E-04  5.21178104E+02  1.75136821E+08  2.46342550E+11  8.84689840E-03  2.72485395E-10  0.00000000E+00  0.00000000E+00  0.00000000E+00  0.00000000E+00  0.00000000E+00  0.00000000E+00  0.00000000E+00  0.00000000E+00  0.00000000E+00
00025  1.96742118E+07  2.09999940E-01 -2.05204387E+00 -6.49114509E-01  3.57323578E+00  6.80220290E+00  5.18340066E+00  1.61634092E+01  3.98529460E-01  7.55679181E-01  2.43314583E-01  1.77064968E-04  5.33815307E-05  5.05195838E-04  5.21177636E+02  1.75137008E+08  2.46342674E+11  8.84696659E-03  2.72496306E-10  0.00000000E+00  0.00000000E+00  0.00000000E+00  0.00000000E+00  0.00000000E+00  0.00000000E+00  0.00000000E+00  0.00000000E+00  0.00000000E+00
00026  2.36490542E+07  2.09999928E-01 -2.05204405E+00 -6.49114779E-01  3.57323587E+00  6.80220372E+00  5.18340147E+00  1.61634103E+01  3.98526862E-01  7.55677551E-01  2.43316213E-01  1.77064964E-04  5.33814255E-05  5.05195986E-04  5.21177165E+02  1.75137170E+08  2.46342763E+11  8.84704034E-03  2.72508630E-10  0.00000000E+00  0.00000000E+00  0.00000000E+00  0.00000000E+00  0.00000000E+00  0.00000000E+00  0.00000000E+00  0.00000000E+00  0.00000000E+00
00027  2.84188650E+07  2.09999913E-01 -2.05204415E+00 -6.49115041E-01  3.57323598E+00  6.80220466E+00  5.18340225E+00  1.61634113E+01  3.98523410E-01  7.55675595E-01  2.43318170E-01  1.77064975E-04  5.33800326E-05  5.05196747E-04  5.21176711E+02  1.75137292E+08  2.46342803E+11  8.84711874E-03  2.72522505E-10  0.00000000E+00  0.00000000E+00  0.00000000E+00  0.00000000E+00  0.00000000E+00  0.00000000E+00  0.00000000E+00  0.00000000E+00  0.00000000E+00
00028  3.41426380E+07  2.09999896E-01 -2.05204405E+00 -6.49115281E-01  3.57323612E+00  6.80220572E+00  5.18340296E+00  1.61634122E+01  3.98518868E-01  7.55673247E-01  2.43320518E-01  1.77065007E-04  5.33812993E-05  5.05195902E-04  5.21176302E+02  1.75137320E+08  2.46342726E+11  8.84720086E-03  2.72538082E-10  0.00000000E+00  0.00000000E+00  0.00000000E+00  0.00000000E+00  0.00000000E+00  0.00000000E+00  0.00000000E+00  0.00000000E+00  0.00000000E+00
00029  4.10111656E+07  2.09999875E-01 -2.05204372E+00 -6.49115481E-01  3.57323631E+00  6.80220692E+00  5.18340355E+00  1.61634129E+01  3.98512950E-01  7.55670430E-01  2.43323334E-01  1.77065006E-04  5.33810987E-05  5.05196179E-04  5.21175968E+02  1.75137233E+08  2.46342515E+11  8.84728532E-03  2.72555407E-10  0.00000000E+00  0.00000000E+00  0.00000000E+00  0.00000000E+00  0.00000000E+00  0.00000000E+00  0.00000000E+00  0.00000000E+00  0.00000000E+00
00030  4.92533987E+07  2.09999850E-01 -2.05204322E+00 -6.49115621E-01  3.57323650E+00  6.80220828E+00  5.18340396E+00  1.61634135E+01  3.98505310E-01  7.55667049E-01  2.43326716E-01  1.77065043E-04  5.33790265E-05  5.05198019E-04  5.21175746E+02  1.75137046E+08  2.46342202E+11  8.84737051E-03  2.72574760E-10  0.00000000E+00  0.00000000E+00  0.00000000E+00  0.00000000E+00  0.00000000E+00  0.00000000E+00  0.00000000E+00  0.00000000E+00  0.00000000E+00
00031  5.91440784E+07  2.09999820E-01 -2.05204231E+00 -6.49115683E-01  3.57323676E+00  6.80220982E+00  5.18340414E+00  1.61634136E+01  3.98495568E-01  7.55662992E-01  2.43330771E-01  1.77065125E-04  5.33775986E-05  5.05201563E-04  5.21175673E+02  1.75136651E+08  2.46341648E+11  8.84745561E-03  2.72596465E-10  0.00000000E+00  0.00000000E+00  0.00000000E+00  0.00000000E+00  0.00000000E+00  0.00000000E+00  0.00000000E+00  0.00000000E+00  0.00000000E+00
00032  7.10128941E+07  2.09999783E-01 -2.05204102E+00 -6.49115644E-01  3.57323707E+00  6.80221156E+00  5.18340401E+00  1.61634134E+01  3.98483281E-01  7.55658125E-01  2.43335639E-01  1.77066760E-04  5.33766473E-05  5.05200007E-04  5.21175787E+02  1.75136054E+08  2.46340872E+11  8.84753953E-03  2.72623181E-10  0.00000000E+00  0.00000000E+00  0.00000000E+00  0.00000000E+00  0.00000000E+00  0.00000000E+00  0.00000000E+00  0.00000000E+00  0.00000000E+00
00033  8.52554730E+07  2.09999740E-01 -2.05203923E+00 -6.49115490E-01  3.57323743E+00  6.80221357E+00  5.18340353E+00  1.61634127E+01  3.98467953E-01  7.55652283E-01  2.43341478E-01  1.77066759E-04  5.33691393E-05  5.05209861E-04  5.21176119E+02  1.75135201E+08  2.46339810E+11  8.84762287E-03  2.72650615E-10  0.00000000E+00  0.00000000E+00  0.00000000E+00  0.00000000E+00  0.00000000E+00  0.00000000E+00  0.00000000E+00  0.00000000E+00  0.00000000E+00
00034  1.02346568E+08  2.09999688E-01 -2.05203670E+00 -6.49115210E-01  3.57323793E+00  6.80221590E+00  5.18340268E+00  1.61634115E+01  3.98449064E-01  7.55645275E-01  2.43348488E-01  1.77066757E-04  5.33651488E-05  5.05211731E-04  5.21176687E+02  1.75133981E+08  2.46338314E+11  8.84770771E-03  2.72682130E-10  0.00000000E+00  0.00000000E+00  0.00000000E+00  0.00000000E+00  0.00000000E+00  0.00000000E+00  0.00000000E+00  0.00000000E+00  0.00000000E+00
00035  1.22855881E+08  2.09999625E-01 -2.05203375E+00 -6.49114785E-01  3.57323845E+00  6.80221862E+00  5.18340139E+00  1.61634097E+01  3.98425915E-01  7.55636867E-01  2.43356899E-01  1.77067899E-04  5.33528050E-05  5.05219973E-04  5.21177530E+02  1.75132514E+08  2.46336565E+11  8.84779486E-03  2.72720342E-10  0.00000000E+00  0.00000000E+00  0.00000000E+00  0.00000000E+00  0.00000000E+00  0.00000000E+00  0.00000000E+00  0.00000000E+00  0.00000000E+00
00036  1.47467057E+08  2.09999550E-01 -2.05202996E+00 -6.49114210E-01  3.57323911E+00  6.80222183E+00  5.18339965E+00  1.61634073E+01  3.98397773E-01  7.55626772E-01  2.43366990E-01  1.77067896E-04  5.33641324E-05  5.05211990E-04  5.21178659E+02  1.75130627E+08  2.46334325E+11  8.84788918E-03  2.72763184E-10  0.00000000E+00  0.00000000E+00  0.00000000E+00  0.00000000E+00  0.00000000E+00  0.00000000E+00  0.00000000E+00  0.00000000E+00  0.00000000E+00
00037  1.77000469E+08  2.09999460E-01 -2.05202519E+00 -6.49113474E-01  3.57323994E+00  6.80222565E+00  5.18339743E+00  1.61634042E+01  3.98363787E-01  7.55614667E-01  2.43379096E-01  1.77067865E-04  5.33712136E-05  5.05199855E-04  5.21180096E+02  1.75128257E+08  2.46331516E+11  8.84799484E-03  2.72813824E-10  0.00000000E+00  0.00000000E+00  0.00000000E+00  0.00000000E+00  0.00000000E+00  0.00000000E+00  0.00000000E+00  0.00000000E+00  0.00000000E+00
00038  2.00000000E+08  2.09999390E-01 -2.05202147E+00 -6.49112879E-01  3.57324057E+00  6.80222859E+00  5.18339563E+00  1.61634017E+01  3.98337269E-01  7.55605259E-01  2.43388538E-01  1.77069242E-04  5.33662451E-05  5.05170015E-04  5.21181253E+02  1.75126400E+08  2.46329322E+11  8.84807321E-03  2.72854980E-10  0.00000000E+00  0.00000000E+00  0.00000000E+00  0.00000000E+00  0.00000000E+00  0.00000000E+00  0.00000000E+00  0.00000000E+00  0.00000000E+00
