00000  0.00000000E+00  1.00000000E+00  1.85863515E-01 -4.06037475E-02  3.82845725E+00  7.16596397E+00  4.99659666E+00  1.63137375E+01 -1.58402883E+00  7.55662232E-01  2.43306514E-01  2.69368721E-05  2.28550926E-04  5.05172859E-04  1.95371630E+03  5.65615680E+06  6.78286382E+09  1.52963644E+00  7.84195469E-03  2.10731061E-34  0.00000000E+00  2.72129774E-08  0.00000000E+00  0.00000000E+00  0.00000000E+00  0.00000000E+00  0.00000000E+00  0.00000000E+00
00001  5.00000000E+04  1.00000000E+00  1.92361533E-01 -3.93562349E-02  3.82945800E+00  7.16705670E+00  4.99678521E+00  1.63150016E+01 -1.58761300E+00  7.55655122E-01  2.43313523E-01  2.63333297E-05  2.29255354E-04  5.05172522E-04  1.96215255E+03  5.55617493E+06  6.68213245E+09  1.54734704E+00  8.16981830E-03  2.31517887E-34  0.00000000E+00  2.76672901E-08  0.00000000E+00  0.00000000E+00  0.00000000E+00  0.00000000E+00  0.00000000E+00  0.00000000E+00
00002  1.00000000E+05  9.99999992E-01  1.92136794E-01 -3.94064905E-02  3.82942694E+00  7.16705621E+00  4.99678711E+00  1.63150007E+01 -1.58761075E+00  7.55648016E-01  2.43320531E-01  2.57407322E-05  2.29947021E-04  5.05172177E-04  1.96181200E+03  5.55969411E+06  6.68559116E+09  1.54734024E+00  8.12003944E-03  2.28364579E-34  0.00000000E+00  2.76779648E-08  0.00000000E+00  0.00000000E+00  0.00000000E+00  0.00000000E+00  0.00000000E+00  0.00000000E+00
00003  1.60000000E+05  9.99999983E-01  1.92297362E-01 -3.93702074E-02  3.82944894E+00  7.16705756E+00  4.99679324E+00  1.63150055E+01 -1.58760579E+00  7.55639492E-01  2.43328939E-01  2.50494987E-05  2.30753816E-04  5.05171771E-04  1.96205787E+03  5.55717456E+06  6.68311975E+09  1.54735850E+00  8.06152220E-03  2.24690306E-34  0.00000000E+00  2.76788555E-08  0.00000000E+00  0.00000000E+00  0.00000000E+00  0.00000000E+00  0.00000000E+00  0.00000000E+00
00004  2.32000000E+05  9.99999972E-01  1.92335950E-01 -3.93614199E-02  3.82945419E+00  7.16705906E+00  4.99680149E+00  1.63150121E+01 -1.58759723E+00  7.55629271E-01  2.43339027E-01  2.42480040E-05  2.31689319E-04  5.05171284E-04  1.96211744E+03  5.55656826E+06  6.68252589E+09  1.54738410E+00  7.99261141E-03  2.20386558E-34  0.00000000E+00  2.76798918E-08  0.00000000E+00  0.00000000E+00  0.00000000E+00  0.00000000E+00  0.00000000E+00  0.00000000E+00
00005  3.18400000E+05  9.99999959E-01  1.92348938E-01 -3.93585655E-02  3.82945601E+00  7.16706067E+00  4.99681233E+00  1.63150207E+01 -1.58758387E+00  7.55617014E-01  2.43351130E-01  2.33248204E-05  2.32766878E-04  5.05170700E-04  1.96213679E+03  5.55636541E+06  6.68232595E+09  1.54741713E+00  7.91171233E-03  2.15367814E-34  0.00000000E+00  2.76811116E-08  0.00000000E+00  0.00000000E+00  0.00000000E+00  0.00000000E+00  0.00000000E+00  0.00000000E+00
00006  4.22080000E+05  9.99999943E-01  1.92358404E-01 -3.93566442E-02  3.82945742E+00  7.16706238E+00  4.99682648E+00  1.63150320E+01 -1.58756425E+00  7.55602318E-01  2.43365650E-01  2.22698439E-05  2.33998286E-04  5.05170009E-04  1.96214983E+03  5.55621955E+06  6.68218021E+09  1.54745951E+00  7.81713346E-03  2.09548765E-34  0.00000000E+00  2.76825590E-08  0.00000000E+00  0.00000000E+00  0.00000000E+00  0.00000000E+00  0.00000000E+00  0.00000000E+00
00007  5.46496000E+05  9.99999924E-01  1.92368560E-01 -3.93547233E-02  3.82945900E+00  7.16706425E+00  4.99684483E+00  1.63150468E+01 -1.58753664E+00  7.55584700E-01  2.43383070E-01  2.10755155E-05  2.35392406E-04  5.05169165E-04  1.96216287E+03  5.55606484E+06  6.68202382E+09  1.54751405E+00  7.70710903E-03  2.02847852E-34  0.00000000E+00  2.76842846E-08  0.00000000E+00  0.00000000E+00  0.00000000E+00  0.00000000E+00  0.00000000E+00  0.00000000E+00
00008  6.95795200E+05  9.99999901E-01  1.92380562E-01 -3.93525843E-02  3.82946093E+00  7.16706636E+00  4.99686845E+00  1.63150660E+01 -1.58749906E+00  7.55563579E-01  2.43403967E-01  1.97383725E-05  2.36953275E-04  5.05168174E-04  1.96217738E+03  5.55588368E+06  6.68183901E+09  1.54758450E+00  7.57986070E-03  1.95193610E-34  0.00000000E+00  2.76863552E-08  0.00000000E+00  0.00000000E+00  0.00000000E+00  0.00000000E+00  0.00000000E+00  0.00000000E+00
00009  8.74954240E+05  9.99999874E-01  1.92395155E-01 -3.93501120E-02  3.82946334E+00  7.16706888E+00  4.99689862E+00  1.63150909E+01 -1.58744938E+00  7.55538263E-01  2.43429037E-01  1.82608874E-05  2.38678052E-04  5.05166990E-04  1.96219417E+03  5.55566506E+06  6.68161430E+09  1.54767580E+00  7.43368845E-03  1.86533074E-34  0.00000000E+00  2.76888617E-08  0.00000000E+00  0.00000000E+00  0.00000000E+00  0.00000000E+00  0.00000000E+00  0.00000000E+00
00010  1.08994509E+06  9.99999841E-01  1.92413303E-01 -3.93471475E-02  3.82946640E+00  7.16707205E+00  4.99693680E+00  1.63151230E+01 -1.58738544E+00  7.55507920E-01  2.43459112E-01  1.66534623E-05  2.40554644E-04  5.05165546E-04  1.96221429E+03  5.55539463E+06  6.68133489E+09  1.54779434E+00  7.26709159E-03  1.76842029E-34  0.00000000E+00  2.76919295E-08  0.00000000E+00  0.00000000E+00  0.00000000E+00  0.00000000E+00  0.00000000E+00  0.00000000E+00
00011  1.34793411E+06  9.99999801E-01  1.92436393E-01 -3.93434443E-02  3.82947032E+00  7.16707626E+00  4.99698463E+00  1.63151640E+01 -1.58730528E+00  7.55471557E-01  2.43495190E-01  1.49363190E-05  2.42559491E-04  5.05163817E-04  1.96223943E+03  5.55505146E+06  6.68097941E+09  1.54794828E+00  7.07891744E-03  1.66136480E-34  0.00000000E+00  2.76957326E-08  0.00000000E+00  0.00000000E+00  0.00000000E+00  0.00000000E+00  0.00000000E+00  0.00000000E+00
00012  1.65752093E+06  9.99999754E-01  1.92419244E-01 -3.93441162E-02  3.82946637E+00  7.16712588E+00  4.99683684E+00  1.63150775E+01 -1.58782579E+00  7.55515633E-01  2.43456981E-01  5.01537503E-05  2.01459967E-04  5.05178121E-04  1.96223492E+03  5.55527888E+06  6.68124290E+09  1.54781950E+00  1.04230140E-02  4.07695372E-34  0.00000000E+00  2.77030599E-08  0.00000000E+00  0.00000000E+00  0.00000000E+00  0.00000000E+00  0.00000000E+00  0.00000000E+00
00013  2.02902511E+06  9.99999697E-01  1.92371124E-01 -3.93493352E-02  3.82945695E+00  7.16716899E+00  4.99667723E+00  1.63149538E+01 -1.58838587E+00  7.55502060E-01  2.43472551E-01  6.21367775E-05  1.87476975E-04  5.05181312E-04  1.96219960E+03  5.55596059E+06  6.68198286E+09  1.54751269E+00  1.15566677E-02  4.90018282E-34  0.00000000E+00  2.77107936E-08  0.00000000E+00  0.00000000E+00  0.00000000E+00  0.00000000E+00  0.00000000E+00  0.00000000E+00
00014  2.47483013E+06  9.99999629E-01  1.92310609E-01 -3.93561907E-02  3.82944524E+00  7.16719358E+00  4.99653707E+00  1.63148265E+01 -1.58883906E+00  7.55472785E-01  2.43502352E-01  6.52891444E-05  1.83798620E-04  5.05181991E-04  1.96215321E+03  5.55682177E+06  6.68291353E+09  1.54709513E+00  1.18076996E-02  5.12241681E-34  0.00000000E+00  2.77160774E-08  0.00000000E+00  0.00000000E+00  0.00000000E+00  0.00000000E+00  0.00000000E+00  0.00000000E+00
00015  3.00979616E+06  9.99999547E-01  1.92242495E-01 -3.93635602E-02  3.82943190E+00  7.16720097E+00  4.99643417E+00  1.63147170E+01 -1.58914258E+00  7.55434178E-01  2.43540909E-01  6.49934841E-05  1.84143606E-04  5.05181932E-04  1.96210335E+03  5.55778676E+06  6.68396120E+09  1.54662724E+00  1.16596979E-02  5.09247422E-34  0.00000000E+00  2.77185992E-08  0.00000000E+00  0.00000000E+00  0.00000000E+00  0.00000000E+00  0.00000000E+00  0.00000000E+00
00016  3.65175539E+06  9.99999449E-01  1.92187204E-01 -3.93660035E-02  3.82941930E+00  7.16719630E+00  4.99638103E+00  1.63146432E+01 -1.58928443E+00  7.55386723E-01  2.43588042E-01  6.30627951E-05  1.86396430E-04  5.05181529E-04  1.96208689E+03  5.55852456E+06  6.68481156E+09  1.54618636E+00  1.12954282E-02  4.93599861E-34  0.00000000E+00  2.77191593E-08  0.00000000E+00  0.00000000E+00  0.00000000E+00  0.00000000E+00  0.00000000E+00  0.00000000E+00
00017  4.42210647E+06  9.99999331E-01  1.92173400E-01 -3.93567634E-02  3.82941123E+00  7.16718702E+00  4.99638712E+00  1.63146217E+01 -1.58926963E+00  7.55329285E-01  2.43644988E-01  6.01058710E-05  1.89846720E-04  5.05180907E-04  1.96214962E+03  5.55858166E+06  6.68502324E+09  1.54587746E+00  1.07839089E-02  4.70017381E-34  0.00000000E+00  2.77197328E-08  0.00000000E+00  0.00000000E+00  0.00000000E+00  0.00000000E+00  0.00000000E+00  0.00000000E+00
00018  5.34652777E+06  9.99999190E-01  1.92228911E-01 -3.93313202E-02  3.82941238E+00  7.16718206E+00  4.99645877E+00  1.63146672E+01 -1.58911672E+00  7.55260050E-01  2.43713597E-01  5.63480449E-05  1.94231575E-04  5.05180079E-04  1.96232220E+03  5.55754405E+06  6.68416789E+09  1.54582911E+00  1.01545282E-02  4.40554925E-34  0.00000000E+00  2.77233339E-08  0.00000000E+00  0.00000000E+00  0.00000000E+00  0.00000000E+00  0.00000000E+00  0.00000000E+00
00019  6.45583332E+06  9.99999020E-01  1.92357158E-01 -3.92932343E-02  3.82942540E+00  7.16718979E+00  4.99659712E+00  1.63147883E+01 -1.58885523E+00  7.55176708E-01  2.43796199E-01  5.19117648E-05  1.99408150E-04  5.05179034E-04  1.96258051E+03  5.55541405E+06  6.68219320E+09  1.54615689E+00  9.42582648E-03  4.06418110E-34  0.00000000E+00  2.77331933E-08  0.00000000E+00  0.00000000E+00  0.00000000E+00  0.00000000E+00  0.00000000E+00  0.00000000E+00
00020  7.78699998E+06  9.99998816E-01  1.92535723E-01 -3.92524084E-02  3.82944963E+00  7.16721517E+00  4.99679755E+00  1.63149843E+01 -1.58851660E+00  7.55076452E-01  2.43895622E-01  4.69115257E-05  2.05242892E-04  5.05177742E-04  1.96285747E+03  5.55260609E+06  6.67944495E+09  1.54691738E+00  8.61456459E-03  3.68504632E-34  0.00000000E+00  2.77516395E-08  0.00000000E+00  0.00000000E+00  0.00000000E+00  0.00000000E+00  0.00000000E+00  0.00000000E+00
00021  9.38439998E+06  9.99998571E-01  1.92732978E-01 -3.92185517E-02  3.82948202E+00  7.16726006E+00  4.99704873E+00  1.63152444E+01 -1.58813756E+00  7.54955866E-01  2.44015302E-01  4.14767025E-05  2.11584902E-04  5.05176162E-04  1.96308725E+03  5.54964932E+06  6.67641024E+09  1.54808549E+00  7.73836958E-03  3.27615148E-34  0.00000000E+00  2.77794768E-08  0.00000000E+00  0.00000000E+00  0.00000000E+00  0.00000000E+00  0.00000000E+00  0.00000000E+00
00022  1.13012800E+07  9.99998278E-01  1.92927313E-01 -3.91954252E-02  3.82951904E+00  7.16732233E+00  4.99733834E+00  1.63155528E+01 -1.58774305E+00  7.54810805E-01  2.44159411E-01  3.57602326E-05  2.18255798E-04  5.05174239E-04  1.96324435E+03  5.54686792E+06  6.67342143E+09  1.54957003E+00  6.81764083E-03  2.84575863E-34  0.00000000E+00  2.78160842E-08  0.00000000E+00  0.00000000E+00  0.00000000E+00  0.00000000E+00  0.00000000E+00  0.00000000E+00
00023  1.36015360E+07  9.99997925E-01  1.93115145E-01 -3.91798945E-02  3.82955823E+00  7.16739795E+00  4.99765720E+00  1.63158944E+01 -1.58734373E+00  7.54636247E-01  2.44333000E-01  2.99442527E-05  2.25043151E-04  5.05171905E-04  1.96335001E+03  5.54426723E+06  6.67053345E+09  1.55125726E+00  5.87797460E-03  2.40444164E-34  0.00000000E+00  2.78602057E-08  0.00000000E+00  0.00000000E+00  0.00000000E+00  0.00000000E+00  0.00000000E+00  0.00000000E+00
00024  1.63618432E+07  9.99997502E-01  1.93305448E-01 -3.91652081E-02  3.82959846E+00  7.16748454E+00  4.99799791E+00  1.63162576E+01 -1.58695261E+00  7.54426236E-01  2.44542061E-01  2.42468608E-05  2.31692584E-04  5.05169076E-04  1.96345002E+03  5.54164623E+06  6.66760831E+09  1.55304977E+00  4.95234017E-03  1.96709672E-34  0.00000000E+00  2.79109167E-08  0.00000000E+00  0.00000000E+00  0.00000000E+00  0.00000000E+00  0.00000000E+00  0.00000000E+00
00025  1.96742118E+07  9.99996993E-01  1.93509898E-01 -3.91447010E-02  3.82963932E+00  7.16758127E+00  4.99835532E+00  1.63166341E+01 -1.58658333E+00  7.54173976E-01  2.44793434E-01  1.89199585E-05  2.37910290E-04  5.05165662E-04  1.96358959E+03  5.53877087E+06  6.66446680E+09  1.55487733E+00  4.08042834E-03  1.55274492E-34  0.00000000E+00  2.79679896E-08  0.00000000E+00  0.00000000E+00  0.00000000E+00  0.00000000E+00  0.00000000E+00  0.00000000E+00
00026  2.36490542E+07  9.99996383E-01  1.93738271E-01 -3.91132505E-02  3.82968069E+00  7.16768814E+00  4.99872801E+00  1.63170199E+01 -1.58624440E+00  7.53871199E-01  2.45095421E-01  1.41783722E-05  2.43445740E-04  5.05161548E-04  1.96380350E+03  5.53545145E+06  6.66095916E+09  1.55669700E+00  3.29715089E-03  1.17861811E-34  0.00000000E+00  2.80318797E-08  0.00000000E+00  0.00000000E+00  0.00000000E+00  0.00000000E+00  0.00000000E+00  0.00000000E+00
00027  2.84188650E+07  9.99995650E-01  1.93998493E-01 -3.90671014E-02  3.82972267E+00  7.16780707E+00  4.99911679E+00  1.63174143E+01 -1.58594700E+00  7.53507815E-01  2.45458139E-01  1.01750496E-05  2.48120620E-04  5.05156590E-04  1.96411727E+03  5.53153975E+06  6.65696433E+09  1.55849071E+00  2.62854993E-03  8.58055829E-35  0.00000000E+00  2.81037294E-08  0.00000000E+00  0.00000000E+00  0.00000000E+00  0.00000000E+00  0.00000000E+00  0.00000000E+00
00028  3.41426380E+07  9.99994770E-01  1.94298425E-01 -3.90031994E-02  3.82976570E+00  7.16794103E+00  4.99952634E+00  1.63178211E+01 -1.58569798E+00  7.53071633E-01  2.45893790E-01  6.98940202E-06  2.51842443E-04  5.05150607E-04  1.96455168E+03  5.52689786E+06  6.65236263E+09  1.56026428E+00  2.08920157E-03  5.99088607E-35  0.00000000E+00  2.81853377E-08  0.00000000E+00  0.00000000E+00  0.00000000E+00  0.00000000E+00  0.00000000E+00  0.00000000E+00
00029  4.10111656E+07  9.99993713E-01  1.94647440E-01 -3.89186476E-02  3.82981068E+00  7.16809388E+00  4.99996626E+00  1.63182491E+01 -1.58549691E+00  7.52547969E-01  2.46417060E-01  4.61846243E-06  2.54614859E-04  5.05143384E-04  1.96512651E+03  5.52137131E+06  6.64701168E+09  1.56204949E+00  1.68024616E-03  4.03365342E-35  0.00000000E+00  2.82791754E-08  0.00000000E+00  0.00000000E+00  0.00000000E+00  0.00000000E+00  0.00000000E+00  0.00000000E+00
00030  4.92533987E+07  9.99992443E-01  1.95057358E-01 -3.88104123E-02  3.82985904E+00  7.16827075E+00  5.00045111E+00  1.63187123E+01 -1.58533762E+00  7.51919130E-01  2.47045627E-01  2.98195808E-06  2.56531765E-04  5.05134641E-04  1.96586252E+03  5.51477373E+06  6.64073229E+09  1.56390380E+00  1.38985627E-03  2.66214664E-35  0.00000000E+00  2.87358224E-08  0.00000000E+00  0.00000000E+00  0.00000000E+00  0.00000000E+00  0.00000000E+00  0.00000000E+00
00031  5.91440784E+07  9.99990917E-01  1.95542713E-01 -3.86750454E-02  3.82991270E+00  7.16847793E+00  5.00100031E+00  1.63192298E+01 -1.58520858E+00  7.51163796E-01  2.47800790E-01  1.94386957E-06  2.57752140E-04  5.05124049E-04  1.96678336E+03  5.50688048E+06  6.63330482E+09  1.56590779E+00  1.19655376E-03  1.78075981E-35  0.00000000E+00  2.88654902E-08  0.00000000E+00  0.00000000E+00  0.00000000E+00  0.00000000E+00  0.00000000E+00  0.00000000E+00
00032  7.10128941E+07  9.99989082E-01  1.96121036E-01 -3.85083734E-02  3.82997394E+00  7.16872337E+00  5.00163694E+00  1.63198244E+01 -1.58509803E+00  7.50256253E-01  2.48708235E-01  1.34457767E-06  2.58462580E-04  5.05111183E-04  1.96791770E+03  5.49742182E+06  6.62446537E+09  1.56815891E+00  1.07445852E-03  1.26947525E-35  0.00000000E+00  2.90198988E-08  0.00000000E+00  0.00000000E+00  0.00000000E+00  0.00000000E+00  0.00000000E+00  0.00000000E+00
00033  8.52554730E+07  9.99986877E-01  1.96812999E-01 -3.83050448E-02  3.83004527E+00  7.16901619E+00  5.00238737E+00  1.63205217E+01 -1.58499379E+00  7.49165457E-01  2.49798981E-01  1.03304428E-06  2.58839762E-04  5.05095515E-04  1.96930237E+03  5.48607644E+06  6.61390441E+09  1.57076626E+00  9.98706067E-04  1.00984413E-35  0.00000000E+00  2.92050785E-08  0.00000000E+00  0.00000000E+00  0.00000000E+00  0.00000000E+00  0.00000000E+00  0.00000000E+00
00034  1.02346568E+08  9.99984225E-01  1.97643229E-01 -3.80581594E-02  3.83012938E+00  7.16936714E+00  5.00328158E+00  1.63213504E+01 -1.58488469E+00  7.47853852E-01  2.51110564E-01  8.89050497E-07  2.59024541E-04  5.05076369E-04  1.97098495E+03  5.47245798E+06  6.60125534E+09  1.57384715E+00  9.49321727E-04  9.06133101E-36  0.00000000E+00  2.94282657E-08  0.00000000E+00  0.00000000E+00  0.00000000E+00  0.00000000E+00  0.00000000E+00  0.00000000E+00
00035  1.22855881E+08  9.99981033E-01  1.98641081E-01 -3.77588629E-02  3.83022920E+00  7.16978884E+00  5.00435381E+00  1.63223427E+01 -1.58476116E+00  7.46275817E-01  2.52688592E-01  8.31009084E-07  2.59112865E-04  5.05052892E-04  1.97302662E+03  5.45610243E+06  6.58608443E+09  1.57752940E+00  9.12751917E-04  8.87829044E-36  0.00000000E+00  2.96982005E-08  0.00000000E+00  0.00000000E+00  0.00000000E+00  0.00000000E+00  0.00000000E+00  0.00000000E+00
00036  1.47467057E+08  9.99977189E-01  1.99841832E-01 -3.73959376E-02  3.83034792E+00  7.17029648E+00  5.00564444E+00  1.63235360E+01 -1.58461449E+00  7.44375227E-01  2.54589183E-01  8.11599803E-07  2.59161039E-04  5.05023915E-04  1.97550516E+03  5.43645127E+06  6.56787492E+09  1.58195659E+00  8.81331860E-04  9.17320108E-36  0.00000000E+00  3.00256279E-08  0.00000000E+00  0.00000000E+00  0.00000000E+00  0.00000000E+00  0.00000000E+00  0.00000000E+00
00037  1.77000469E+08  9.99972559E-01  2.01288329E-01 -3.69551953E-02  3.83048918E+00  7.17090878E+00  5.00720431E+00  1.63249759E+01 -1.58443403E+00  7.42078648E-01  2.56885764E-01  8.07499279E-07  2.59197866E-04  5.04987907E-04  1.97851928E+03  5.41282815E+06  6.54600550E+09  1.58729726E+00  8.51726954E-04  9.76982395E-36  0.00000000E+00  3.04240983E-08  0.00000000E+00  0.00000000E+00  0.00000000E+00  0.00000000E+00  0.00000000E+00  0.00000000E+00
00038  2.12440562E+08  9.99966974E-01  2.03034031E-01 -3.64184609E-02  3.83065723E+00  7.17165059E+00  5.00911022E+00  1.63267266E+01 -1.58419426E+00  7.39269979E-01  2.59694440E-01  8.09164041E-07  2.59236603E-04  5.04941693E-04  1.98219603E+03  5.38439549E+06  6.51970939E+09  1.59375930E+00  8.23328777E-04  1.06365877E-35  0.00000000E+00  3.09117521E-08  0.00000000E+00  0.00000000E+00  0.00000000E+00  0.00000000E+00  0.00000000E+00  0.00000000E+00
00039  2.54968675E+08  9.99960233E-01  2.05140183E-01 -3.57637265E-02  3.83085641E+00  7.17254677E+00  5.01141381E+00  1.63288418E+01 -1.58390247E+00  7.35882221E-01  2.63082205E-01  8.12452728E-07  2.59283951E-04  5.04883279E-04  1.98669028E+03  5.35020237E+06  6.48812425E+09  1.60158406E+00  7.96822963E-04  1.18103120E-35  0.00000000E+00  3.15083650E-08  0.00000000E+00  0.00000000E+00  0.00000000E+00  0.00000000E+00  0.00000000E+00  0.00000000E+00
00040  3.06002410E+08  9.99952085E-01  2.07683845E-01 -3.49626439E-02  3.83109178E+00  7.17363103E+00  5.01420164E+00  1.63314011E+01 -1.58354704E+00  7.31793147E-01  2.67171289E-01  8.16736612E-07  2.59344037E-04  5.04809242E-04  1.99220286E+03  5.30906921E+06  6.45018183E+09  1.61107740E+00  7.73971752E-04  1.34147035E-35  0.00000000E+00  3.22414635E-08  0.00000000E+00  0.00000000E+00  0.00000000E+00  0.00000000E+00  0.00000000E+00  0.00000000E+00
00041  3.67242892E+08  9.99942222E-01  2.10760029E-01 -3.40547611E-02  3.83140688E+00  7.17494545E+00  5.01758260E+00  1.63345037E+01 -1.58311303E+00  7.26848861E-01  2.72115586E-01  8.22075350E-07  2.59422154E-04  5.04714304E-04  1.99846951E+03  5.26048460E+06  6.40459232E+09  1.62262463E+00  7.57138744E-04  1.56692091E-35  0.00000000E+00  3.31467099E-08  0.00000000E+00  0.00000000E+00  0.00000000E+00  0.00000000E+00  0.00000000E+00  0.00000000E+00
00042  4.40731470E+08  9.99930264E-01  2.14492626E-01 -3.29726915E-02  3.83179900E+00  7.17655064E+00  5.02175711E+00  1.63383098E+01 -1.58252164E+00  7.20747387E-01  2.78217078E-01  8.29454313E-07  2.59526258E-04  5.04585320E-04  2.00596443E+03  5.20236356E+06  6.34970719E+09  1.63673762E+00  7.49500311E-04  1.89536805E-35  0.00000000E+00  3.46400143E-08  0.00000000E+00  0.00000000E+00  0.00000000E+00  0.00000000E+00  0.00000000E+00  0.00000000E+00
00043  5.28917764E+08  9.99915730E-01  2.19023721E-01 -3.16279682E-02  3.83225941E+00  7.17850578E+00  5.02684331E+00  1.63429457E+01 -1.58179535E+00  7.13348641E-01  2.85615847E-01  8.37613269E-07  2.59665986E-04  5.04414707E-04  2.01531746E+03  5.13230262E+06  6.28371229E+09  1.65402598E+00  7.54499220E-04  2.38658476E-35  0.00000000E+00  3.60601306E-08  0.00000000E+00  0.00000000E+00  0.00000000E+00  0.00000000E+00  0.00000000E+00  0.00000000E+00
00044  6.34741317E+08  9.99898014E-01  2.24544885E-01 -2.99434559E-02  3.83279745E+00  7.18090562E+00  5.03314651E+00  1.63486576E+01 -1.58082098E+00  7.04206143E-01  2.94758376E-01  8.48656911E-07  2.59863297E-04  5.04175017E-04  2.02709491E+03  5.04767274E+06  6.20422348E+09  1.67533038E+00  7.77472959E-04  3.16946919E-35  0.00000000E+00  3.78598628E-08  0.00000000E+00  0.00000000E+00  0.00000000E+00  0.00000000E+00  0.00000000E+00  0.00000000E+00
00045  7.61729581E+08  9.99876343E-01  2.31292001E-01 -2.78144414E-02  3.83341972E+00  7.18385019E+00  5.04091936E+00  1.63556899E+01 -1.57954665E+00  6.93028971E-01  3.05935585E-01  8.61501118E-07  2.60147386E-04  5.03841238E-04  2.04207793E+03  4.94534090E+06  6.10844833E+09  1.70173110E+00  8.25220697E-04  4.47600483E-35  0.00000000E+00  4.05336054E-08  0.00000000E+00  0.00000000E+00  0.00000000E+00  0.00000000E+00  0.00000000E+00  0.00000000E+00
00046  8.95110494E+08  9.99853111E-01  2.38529979E-01 -2.56486757E-02  3.83414633E+00  7.18703367E+00  5.04944543E+00  1.63633499E+01 -1.57797635E+00  6.80855138E-01  3.18109475E-01  8.76690339E-07  2.60505677E-04  5.03410634E-04  2.05743444E+03  4.83918593E+06  6.00734862E+09  1.73051045E+00  8.96931507E-04  6.49616109E-35  0.00000000E+00  4.31399987E-08  0.00000000E+00  0.00000000E+00  0.00000000E+00  0.00000000E+00  0.00000000E+00  0.00000000E+00
00047  1.02210089E+09  9.99830546E-01  2.45557717E-01 -2.35035545E-02  3.83483070E+00  7.19015531E+00  5.05790525E+00  1.63708969E+01 -1.57629579E+00  6.68840114E-01  3.30124565E-01  8.92188777E-07  2.60925722E-04  5.02909981E-04  2.07275794E+03  4.73783408E+06  5.91078682E+09  1.75891914E+00  9.85661711E-04  9.34391828E-35  0.00000000E+00  4.58068483E-08  0.00000000E+00  0.00000000E+00  0.00000000E+00  0.00000000E+00  0.00000000E+00  0.00000000E+00
00048  1.14321519E+09  9.99808601E-01  2.52384944E-01 -2.13366796E-02  3.83545407E+00  7.19321822E+00  5.06630381E+00  1.63783358E+01 -1.57451026E+00  6.56972054E-01  3.41992699E-01  9.07993443E-07  2.61415062E-04  5.02329813E-04  2.08835183E+03  4.64052034E+06  5.81846648E+09  1.78696590E+00  1.09062666E-03  1.33283750E-34  0.00000000E+00  4.89295579E-08  0.00000000E+00  0.00000000E+00  0.00000000E+00  0.00000000E+00  0.00000000E+00  0.00000000E+00
00049  1.26103859E+09  9.99786835E-01  2.59138735E-01 -1.92352460E-02  3.83609180E+00  7.19627132E+00  5.07468077E+00  1.63857494E+01 -1.57271352E+00  6.45233215E-01  3.53731623E-01  9.23282738E-07  2.61970708E-04  5.01674406E-04  2.10358732E+03  4.54666071E+06  5.72855769E+09  1.81515245E+00  1.21394244E-03  1.89364471E-34  0.00000000E+00  5.17811485E-08  0.00000000E+00  0.00000000E+00  0.00000000E+00  0.00000000E+00  0.00000000E+00  0.00000000E+00
00050  1.37624534E+09  9.99765141E-01  2.65861766E-01 -1.71635275E-02  3.83673670E+00  7.19934105E+00  5.08319700E+00  1.63932325E+01 -1.57078053E+00  6.33354504E-01  3.65610434E-01  9.40035724E-07  2.62631022E-04  5.00897509E-04  2.11871643E+03  4.45532048E+06  5.64043808E+09  1.84365501E+00  1.35837082E-03  2.69478402E-34  0.00000000E+00  5.47689672E-08  0.00000000E+00  0.00000000E+00  0.00000000E+00  0.00000000E+00  0.00000000E+00  0.00000000E+00
00051  1.48803868E+09  9.99743683E-01  2.72502114E-01 -1.50414863E-02  3.83733577E+00  7.20240447E+00  5.09179189E+00  1.64007301E+01 -1.56872123E+00  6.21423564E-01  3.77541491E-01  9.57696823E-07  2.63410115E-04  4.99983568E-04  2.13432503E+03  4.36614262E+06  5.55473273E+09  1.87224715E+00  1.52485920E-03  3.82910681E-34  0.00000000E+00  5.82808600E-08  0.00000000E+00  0.00000000E+00  0.00000000E+00  0.00000000E+00  0.00000000E+00  0.00000000E+00
00052  1.59675165E+09  9.99722415E-01  2.79073594E-01 -1.29086232E-02  3.83791221E+00  7.20546729E+00  5.10048136E+00  1.64082547E+01 -1.56653354E+00  6.09418344E-01  3.89546848E-01  9.76271097E-07  2.64329927E-04  4.98907605E-04  2.15012877E+03  4.27932328E+06  5.47119820E+09  1.90098010E+00  1.71608416E-03  5.43398257E-34  0.00000000E+00  6.15222842E-08  0.00000000E+00  0.00000000E+00  0.00000000E+00  0.00000000E+00  0.00000000E+00  0.00000000E+00
00053  1.70259269E+09  9.99701319E-01  2.85575319E-01 -1.08812809E-02  3.83852397E+00  7.20852182E+00  5.10915284E+00  1.64157555E+01 -1.56433616E+00  5.97538187E-01  4.01427160E-01  9.94746426E-07  2.65369228E-04  4.97695236E-04  2.16526007E+03  4.19592484E+06  5.38978646E+09  1.92983986E+00  1.93455988E-03  7.68476612E-34  0.00000000E+00  6.52961313E-08  0.00000000E+00  0.00000000E+00  0.00000000E+00  0.00000000E+00  0.00000000E+00  0.00000000E+00
00054  1.80522758E+09  9.99680479E-01  2.91985832E-01 -8.81247198E-03  3.83909219E+00  7.21156585E+00  5.11788710E+00  1.64232558E+01 -1.56202403E+00  5.85628524E-01  4.13337003E-01  1.01464452E-06  2.66585195E-04  4.96279037E-04  2.18080988E+03  4.11462510E+06  5.31070273E+09  1.95872004E+00  2.18332219E-03  1.08496042E-33  0.00000000E+00  6.87939046E-08  0.00000000E+00  0.00000000E+00  0.00000000E+00  0.00000000E+00  0.00000000E+00  0.00000000E+00
00055  1.90558267E+09  9.99659718E-01  2.98359632E-01 -6.68445827E-03  3.83962163E+00  7.21462464E+00  5.12676214E+00  1.64308200E+01 -1.55956995E+00  5.73585440E-01  4.25380300E-01  1.03617028E-06  2.68020707E-04  4.94609824E-04  2.19692048E+03  4.03469229E+06  5.23322216E+09  1.98785715E+00  2.46864161E-03  1.53381180E-33  0.00000000E+00  7.24454226E-08  0.00000000E+00  0.00000000E+00  0.00000000E+00  0.00000000E+00  0.00000000E+00  0.00000000E+00
00056  2.00355189E+09  9.99639075E-01  3.04686826E-01 -4.65460241E-03  3.84018850E+00  7.21769354E+00  5.13576463E+00  1.64384352E+01 -1.55697848E+00  5.61429402E-01  4.37536587E-01  1.05927532E-06  2.69710687E-04  4.92647603E-04  2.21239977E+03  3.95763221E+06  5.15742606E+09  2.01720027E+00  2.79539656E-03  2.17010565E-33  0.00000000E+00  7.66690720E-08  0.00000000E+00  0.00000000E+00  0.00000000E+00  0.00000000E+00  0.00000000E+00  0.00000000E+00
00057  2.09855714E+09  9.99618691E-01  3.10916925E-01 -2.61836615E-03  3.84072791E+00  7.22074298E+00  5.14471205E+00  1.64459963E+01 -1.55439162E+00  5.49454370E-01  4.49511895E-01  1.08260658E-06  2.71599342E-04  4.90459368E-04  2.22803694E+03  3.88285690E+06  5.08386553E+09  2.04650064E+00  3.16603569E-03  3.05878125E-33  0.00000000E+00  8.06067593E-08  0.00000000E+00  0.00000000E+00  0.00000000E+00  0.00000000E+00  0.00000000E+00  0.00000000E+00
00058  2.19102074E+09  9.99598489E-01  3.17077951E-01 -5.40098173E-04  3.84122903E+00  7.22379194E+00  5.15375906E+00  1.64535840E+01 -1.55166935E+00  5.37409764E-01  4.61556824E-01  1.10824478E-06  2.73802739E-04  4.87907036E-04  2.24411019E+03  3.80973298E+06  5.01215222E+09  2.07587617E+00  3.58878289E-03  4.31216950E-33  0.00000000E+00  8.46917896E-08  0.00000000E+00  0.00000000E+00  0.00000000E+00  0.00000000E+00  0.00000000E+00  0.00000000E+00
00059  2.28162378E+09  9.99578333E-01  3.23214362E-01  1.52230942E-03  3.84173193E+00  7.22686190E+00  5.16297549E+00  1.64612563E+01 -1.54877902E+00  5.25212322E-01  4.73754645E-01  1.13635416E-06  2.76391112E-04  4.84911509E-04  2.26017553E+03  3.73833489E+06  4.94173080E+09  2.10552721E+00  4.07467816E-03  6.09275429E-33  0.00000000E+00  8.93868916E-08  0.00000000E+00  0.00000000E+00  0.00000000E+00  0.00000000E+00  0.00000000E+00  0.00000000E+00
00060  2.36993073E+09  9.99558335E-01  3.29288043E-01  3.53796683E-03  3.84224252E+00  7.22992835E+00  5.17219896E+00  1.64689260E+01 -1.54584646E+00  5.13129400E-01  4.85837990E-01  1.16594943E-06  2.79287257E-04  4.81563410E-04  2.27598816E+03  3.66920087E+06  4.87300340E+09  2.13525743E+00  4.62918084E-03  8.59602876E-33  0.00000000E+00  9.38209653E-08  0.00000000E+00  0.00000000E+00  0.00000000E+00  0.00000000E+00  0.00000000E+00  0.00000000E+00
00061  2.45568177E+09  9.99538568E-01  3.35281627E-01  5.58338954E-03  3.84271821E+00  7.23298741E+00  5.18151133E+00  1.64766151E+01 -1.54275707E+00  5.01015689E-01  4.97952189E-01  1.19775555E-06  2.82635166E-04  4.77694911E-04  2.29214679E+03  3.60176442E+06  4.80611924E+09  2.16496416E+00  5.26170427E-03  1.21167441E-32  0.00000000E+00  9.84062832E-08  0.00000000E+00  0.00000000E+00  0.00000000E+00  0.00000000E+00  0.00000000E+00  0.00000000E+00
00062  2.53944043E+09  9.99518916E-01  3.41232289E-01  7.65585494E-03  3.84316964E+00  7.23605727E+00  5.19097708E+00  1.64843751E+01 -1.53947513E+00  4.88795083E-01  5.10173363E-01  1.23313334E-06  2.86526785E-04  4.73200284E-04  2.30863563E+03  3.53569748E+06  4.74062215E+09  2.19481215E+00  5.98865114E-03  1.71148621E-32  0.00000000E+00  1.03611244E-07  0.00000000E+00  0.00000000E+00  0.00000000E+00  0.00000000E+00  0.00000000E+00  0.00000000E+00
00063  2.62104563E+09  9.99499433E-01  3.47126020E-01  9.64394493E-03  3.84364903E+00  7.23913049E+00  5.20058028E+00  1.64921939E+01 -1.53599034E+00  4.76502267E-01  5.22466834E-01  1.27218385E-06  2.91026973E-04  4.68005225E-04  2.32456536E+03  3.47197307E+06  4.67663144E+09  2.22471019E+00  6.82364637E-03  2.42063160E-32  0.00000000E+00  1.08568387E-07  0.00000000E+00  0.00000000E+00  0.00000000E+00  0.00000000E+00  0.00000000E+00  0.00000000E+00
00064  2.70001857E+09  9.99480251E-01  3.52920421E-01  1.16450283E-02  3.84409709E+00  7.24217721E+00  5.21014148E+00  1.64999756E+01 -1.53242840E+00  4.64425107E-01  5.34544714E-01  1.31353475E-06  2.95968711E-04  4.62303180E-04  2.34070970E+03  3.41007706E+06  4.61456119E+09  2.25441884E+00  7.77325674E-03  3.41287492E-32  0.00000000E+00  1.13664286E-07  0.00000000E+00  0.00000000E+00  0.00000000E+00  0.00000000E+00  0.00000000E+00  0.00000000E+00
00065  2.77683662E+09  9.99461270E-01  3.58651690E-01  1.36712662E-02  3.84451679E+00  7.24522000E+00  5.21983523E+00  1.65078157E+01 -1.52862613E+00  4.52308367E-01  5.46662277E-01  1.35920836E-06  3.01628005E-04  4.55774611E-04  2.35717071E+03  3.34957874E+06  4.55397762E+09  2.28409304E+00  8.86267963E-03  4.81350662E-32  0.00000000E+00  1.18936538E-07  0.00000000E+00  0.00000000E+00  0.00000000E+00  0.00000000E+00  0.00000000E+00  0.00000000E+00
00066  2.85187212E+09  9.99442413E-01  3.64347821E-01  1.56304303E-02  3.84496124E+00  7.24827028E+00  5.22971751E+00  1.65157603E+01 -1.52452494E+00  4.40104052E-01  5.58867537E-01  1.41040004E-06  3.08118703E-04  4.48288574E-04  2.37319748E+03  3.29092896E+06  4.49455363E+09  2.31384772E+00  1.01196095E-02  6.80292196E-32  0.00000000E+00  1.24869213E-07  0.00000000E+00  0.00000000E+00  0.00000000E+00  0.00000000E+00  0.00000000E+00  0.00000000E+00
00067  2.92475589E+09  9.99423785E-01  3.69979471E-01  1.75928302E-02  3.84538795E+00  7.25130972E+00  5.23973893E+00  1.65237716E+01 -1.52012342E+00  4.27890029E-01  5.71082631E-01  1.46732742E-06  3.15486690E-04  4.39792113E-04  2.38935965E+03  3.23376360E+06  4.43656473E+09  2.34349754E+00  1.15631223E-02  9.61553930E-32  0.00000000E+00  1.30537310E-07  0.00000000E+00  0.00000000E+00  0.00000000E+00  0.00000000E+00  0.00000000E+00  0.00000000E+00
00068  2.99501117E+09  9.99405529E-01  3.75506142E-01  1.95541260E-02  3.84578897E+00  7.25431312E+00  5.24982895E+00  1.65317968E+01 -1.51542472E+00  4.15771213E-01  5.83202647E-01  1.53007970E-06  3.23737432E-04  4.30278885E-04  2.40562227E+03  3.17836987E+06  4.38038434E+09  2.37278737E+00  1.32080925E-02  1.35565262E-31  0.00000000E+00  1.36342341E-07  0.00000000E+00  0.00000000E+00  0.00000000E+00  0.00000000E+00  0.00000000E+00  0.00000000E+00
00069  3.06279481E+09  9.99387628E-01  3.80935920E-01  2.14322116E-02  3.84620737E+00  7.25727948E+00  5.25999909E+00  1.65398475E+01 -1.51039443E+00  4.03749487E-01  5.95225709E-01  1.59923801E-06  3.32926349E-04  4.19684919E-04  2.42129917E+03  3.12522301E+06  4.32588192E+09  2.40171727E+00  1.50818015E-02  1.90666284E-31  0.00000000E+00  1.42747786E-07  0.00000000E+00  0.00000000E+00  0.00000000E+00  0.00000000E+00  0.00000000E+00  0.00000000E+00
00070  3.12852247E+09  9.99369989E-01  3.86299193E-01  2.33080301E-02  3.84661028E+00  7.26022046E+00  5.27030301E+00  1.65479695E+01 -1.50497760E+00  3.91778742E-01  6.07197939E-01  1.67575445E-06  3.43145121E-04  4.07904175E-04  2.43705884E+03  3.07345311E+06  4.27271300E+09  2.43040382E+00  1.72245530E-02  2.67926221E-31  0.00000000E+00  1.48876281E-07  0.00000000E+00  0.00000000E+00  0.00000000E+00  0.00000000E+00  0.00000000E+00  0.00000000E+00
00071  3.19196611E+09  9.99352691E-01  3.91573596E-01  2.51603334E-02  3.84700273E+00  7.26311902E+00  5.28069450E+00  1.65561295E+01 -1.49917126E+00  3.79928811E-01  6.19049503E-01  1.75981029E-06  3.54373465E-04  3.94959036E-04  2.45272144E+03  3.02332511E+06  4.22106269E+09  2.45868042E+00  1.96588505E-02  3.75377680E-31  0.00000000E+00  1.55146185E-07  0.00000000E+00  0.00000000E+00  0.00000000E+00  0.00000000E+00  0.00000000E+00  0.00000000E+00
00072  3.25317291E+09  9.99335742E-01  3.96758990E-01  2.69501107E-02  3.84740419E+00  7.26596995E+00  5.29117842E+00  1.65643294E+01 -1.49293997E+00  3.68202846E-01  6.30777257E-01  1.85180613E-06  3.66651006E-04  3.80800366E-04  2.46795125E+03  2.97505465E+06  4.17089294E+09  2.48649886E+00  2.24149443E-02  5.23930397E-31  0.00000000E+00  1.62015639E-07  0.00000000E+00  0.00000000E+00  0.00000000E+00  0.00000000E+00  0.00000000E+00  0.00000000E+00
00073  3.31235915E+09  9.99319100E-01  4.01871786E-01  2.87335636E-02  3.84779066E+00  7.26877635E+00  5.30185407E+00  1.65726124E+01 -1.48615321E+00  3.56466735E-01  6.42515361E-01  1.95442074E-06  3.80359520E-04  3.64996659E-04  2.48322100E+03  2.92808874E+06  4.12200975E+09  2.51389331E+00  2.55397986E-02  7.29470630E-31  0.00000000E+00  1.68583923E-07  0.00000000E+00  0.00000000E+00  0.00000000E+00  0.00000000E+00  0.00000000E+00  0.00000000E+00
00074  3.36924197E+09  9.99302864E-01  4.06882930E-01  3.04531993E-02  3.84818363E+00  7.27151276E+00  5.31265720E+00  1.65809274E+01 -1.47880624E+00  3.44808388E-01  6.54175897E-01  2.06757952E-06  3.95419312E-04  3.47633463E-04  2.49803405E+03  2.88296482E+06  4.07465473E+09  2.54065984E+00  2.90439789E-02  1.01021892E-30  0.00000000E+00  1.75255724E-07  0.00000000E+00  0.00000000E+00  0.00000000E+00  0.00000000E+00  0.00000000E+00  0.00000000E+00
00075  3.42379479E+09  9.99287064E-01  4.11785284E-01  3.21345394E-02  3.84856855E+00  7.27415902E+00  5.32363947E+00  1.65892710E+01 -1.47075617E+00  3.33151222E-01  6.65835500E-01  2.19368423E-06  4.12178612E-04  3.28312212E-04  2.51260256E+03  2.83950028E+06  4.02885460E+09  2.56672122E+00  3.29424613E-02  1.38980490E-30  0.00000000E+00  1.82470226E-07  0.00000000E+00  0.00000000E+00  0.00000000E+00  0.00000000E+00  0.00000000E+00  0.00000000E+00
00076  3.47586227E+09  9.99271766E-01  4.16553571E-01  3.37759189E-02  3.84893993E+00  7.27670696E+00  5.33468767E+00  1.65975709E+01 -1.46216433E+00  3.21605576E-01  6.77383786E-01  2.32996868E-06  4.30329862E-04  3.07384863E-04  2.52690661E+03  2.79781473E+06  3.98480119E+09  2.59190741E+00  3.72270197E-02  1.89483942E-30  0.00000000E+00  1.89266003E-07  0.00000000E+00  0.00000000E+00  0.00000000E+00  0.00000000E+00  0.00000000E+00  0.00000000E+00
00077  3.52540852E+09  9.99257008E-01  4.21173059E-01  3.53350961E-02  3.84931521E+00  7.27914758E+00  5.34578502E+00  1.66057886E+01 -1.45305875E+00  3.10144346E-01  6.88847869E-01  2.47655888E-06  4.49976651E-04  2.84737908E-04  2.54056999E+03  2.75821083E+06  3.94258220E+09  2.61611486E+00  4.18854253E-02  2.55689493E-30  0.00000000E+00  1.96063074E-07  0.00000000E+00  0.00000000E+00  0.00000000E+00  0.00000000E+00  0.00000000E+00  0.00000000E+00
00078  3.57291201E+09  9.99242667E-01  4.25678820E-01  3.68688603E-02  3.84967477E+00  7.28149828E+00  5.35700812E+00  1.66139642E+01 -1.44340611E+00  2.98654465E-01  7.00340825E-01  2.63357372E-06  4.71164580E-04  2.60317550E-04  2.55408253E+03  2.72004110E+06  3.90183376E+09  2.63951703E+00  4.69401869E-02  3.41929978E-30  0.00000000E+00  2.02899579E-07  0.00000000E+00  0.00000000E+00  0.00000000E+00  0.00000000E+00  0.00000000E+00  0.00000000E+00
00079  3.61831600E+09  9.99228779E-01  4.30057092E-01  3.83621025E-02  3.85002272E+00  7.28375121E+00  5.36833699E+00  1.66220530E+01 -1.43325187E+00  2.87106646E-01  7.11891923E-01  2.79988833E-06  4.93790536E-04  2.34246289E-04  2.56730702E+03  2.68343994E+06  3.86264196E+09  2.66203584E+00  5.23588301E-02  4.52328197E-30  0.00000000E+00  2.10225330E-07  0.00000000E+00  0.00000000E+00  0.00000000E+00  0.00000000E+00  0.00000000E+00  0.00000000E+00
00080  3.66165236E+09  9.99215354E-01  4.34301309E-01  3.97878301E-02  3.85037091E+00  7.28590153E+00  5.37976944E+00  1.66300176E+01 -1.42263163E+00  2.75445509E-01  7.23556500E-01  2.97189712E-06  5.17542353E-04  2.06882201E-04  2.57999769E+03  2.64856275E+06  3.82502610E+09  2.68363966E+00  5.81089192E-02  5.91220168E-30  0.00000000E+00  2.17071011E-07  0.00000000E+00  0.00000000E+00  0.00000000E+00  0.00000000E+00  0.00000000E+00  0.00000000E+00
00081  3.70312608E+09  9.99202347E-01  4.38424265E-01  4.11864297E-02  3.85070235E+00  7.28796601E+00  5.39101792E+00  1.66378419E+01 -1.41188365E+00  2.64193799E-01  7.34811351E-01  3.12334090E-06  5.39170614E-04  1.81962263E-04  2.59250763E+03  2.61503439E+06  3.78883587E+09  2.70439394E+00  6.41852555E-02  7.63942550E-30  0.00000000E+00  2.23909488E-07  0.00000000E+00  0.00000000E+00  0.00000000E+00  0.00000000E+00  0.00000000E+00  0.00000000E+00
00082  3.74273312E+09  9.99189777E-01  4.42413617E-01  4.25518192E-02  3.85101699E+00  7.28996072E+00  5.40194954E+00  1.66454961E+01 -1.40125098E+00  2.53514978E-01  7.45492899E-01  3.25947497E-06  5.57940376E-04  1.60329595E-04  2.60477886E+03  2.58292464E+06  3.75414443E+09  2.72422598E+00  7.05642777E-02  9.76237691E-30  0.00000000E+00  2.31204283E-07  0.00000000E+00  0.00000000E+00  0.00000000E+00  0.00000000E+00  0.00000000E+00  0.00000000E+00
00083  3.78141545E+09  9.99177354E-01  4.46357351E-01  4.38856306E-02  3.85133602E+00  7.29193642E+00  5.41279586E+00  1.66531412E+01 -1.39055892E+00  2.43151053E-01  7.55859222E-01  3.38403613E-06  5.74439624E-04  1.41307229E-04  2.61682256E+03  2.55166344E+06  3.72016193E+09  2.74357057E+00  7.73832955E-02  1.24098480E-29  0.00000000E+00  2.38151210E-07  0.00000000E+00  0.00000000E+00  0.00000000E+00  0.00000000E+00  0.00000000E+00  0.00000000E+00
00084  3.82017361E+09  9.99164757E-01  4.50356511E-01  4.52448778E-02  3.85165619E+00  7.29394741E+00  5.42382779E+00  1.66609700E+01 -1.37956397E+00  2.32833644E-01  7.66178770E-01  3.50025799E-06  5.89135786E-04  1.24356653E-04  2.62915314E+03  2.52031041E+06  3.68601594E+09  2.76288319E+00  8.48568869E-02  1.57955300E-29  0.00000000E+00  2.45407633E-07  0.00000000E+00  0.00000000E+00  0.00000000E+00  0.00000000E+00  0.00000000E+00  0.00000000E+00
00085  3.85890391E+09  9.99152016E-01  4.54401141E-01  4.66341136E-02  3.85197273E+00  7.29599266E+00  5.43501099E+00  1.66689603E+01 -1.36832356E+00  2.22589991E-01  7.76424300E-01  3.60790244E-06  6.02025309E-04  1.09482244E-04  2.64181564E+03  2.48890942E+06  3.65180047E+09  2.78206307E+00  9.30277110E-02  2.01242457E-29  0.00000000E+00  2.53450191E-07  0.00000000E+00  0.00000000E+00  0.00000000E+00  0.00000000E+00  0.00000000E+00  0.00000000E+00
00086  3.89714771E+09  9.99139280E-01  4.58442205E-01  4.80360582E-02  3.85228202E+00  7.29805081E+00  5.44620568E+00  1.66770123E+01 -1.35700053E+00  2.12538046E-01  7.86477855E-01  3.70615902E-06  6.13064982E-04  9.67344653E-05  2.65465563E+03  2.45784794E+06  3.61793234E+09  2.80083250E+00  1.01850208E-01  2.55981388E-29  0.00000000E+00  2.61252833E-07  0.00000000E+00  0.00000000E+00  0.00000000E+00  0.00000000E+00  0.00000000E+00  0.00000000E+00
00087  3.93481392E+09  9.99126585E-01  4.62467170E-01  4.94185025E-02  3.85259704E+00  7.30011867E+00  5.45737495E+00  1.66850974E+01 -1.34565526E+00  2.02696424E-01  7.96320838E-01  3.79551269E-06  6.22386313E-04  8.59623776E-05  2.66737832E+03  2.42737327E+06  3.58451132E+09  2.81909532E+00  1.11339356E-01  3.24980811E-29  0.00000000E+00  2.69266425E-07  0.00000000E+00  0.00000000E+00  0.00000000E+00  0.00000000E+00  0.00000000E+00  0.00000000E+00
00088  3.97231131E+09  9.99113791E-01  4.66515698E-01  5.08243992E-02  3.85290622E+00  7.30222012E+00  5.46863317E+00  1.66932971E+01 -1.33418830E+00  1.92954142E-01  8.06064268E-01  3.87761140E-06  6.30234054E-04  7.68840662E-05  2.68037922E+03  2.39701647E+06  3.55120602E+09  2.83697625E+00  1.21650077E-01  4.12948229E-29  0.00000000E+00  2.77590446E-07  0.00000000E+00  0.00000000E+00  0.00000000E+00  0.00000000E+00  0.00000000E+00  0.00000000E+00
00089  4.00963236E+09  9.99100899E-01  4.70586954E-01  5.22571235E-02  3.85320767E+00  7.30435646E+00  5.47997259E+00  1.67016050E+01 -1.32262327E+00  1.83310521E-01  8.15708845E-01  3.95314004E-06  6.36746168E-04  6.93409454E-05  2.69369321E+03  2.36676877E+06  3.51802571E+09  2.85441710E+00  1.32841593E-01  5.25204077E-29  0.00000000E+00  2.86726169E-07  0.00000000E+00  0.00000000E+00  0.00000000E+00  0.00000000E+00  0.00000000E+00  0.00000000E+00
00090  4.04664706E+09  9.99087954E-01  4.74665348E-01  5.37109240E-02  3.85350037E+00  7.30652478E+00  5.49134617E+00  1.67099871E+01 -1.31103851E+00  1.73794946E-01  8.25225202E-01  4.02272546E-06  6.42058923E-04  6.31764444E-05  2.70727047E+03  2.33675070E+06  3.48509794E+09  2.87128468E+00  1.44943315E-01  6.68257457E-29  0.00000000E+00  2.95691858E-07  0.00000000E+00  0.00000000E+00  0.00000000E+00  0.00000000E+00  0.00000000E+00  0.00000000E+00
00091  4.08334703E+09  9.99074959E-01  4.78746490E-01  5.51664082E-02  3.85379292E+00  7.30872668E+00  5.50274419E+00  1.67184335E+01 -1.29946721E+00  1.64402437E-01  8.34618344E-01  4.08726646E-06  6.46338667E-04  5.81992536E-05  2.72093205E+03  2.30708958E+06  3.45245635E+09  2.88749789E+00  1.58013435E-01  8.50804821E-29  0.00000000E+00  3.04974005E-07  0.00000000E+00  0.00000000E+00  0.00000000E+00  0.00000000E+00  0.00000000E+00  0.00000000E+00
00092  4.12000124E+09  9.99061816E-01  4.82858757E-01  5.66497007E-02  3.85407934E+00  7.31098222E+00  5.51424652E+00  1.67270022E+01 -1.28785438E+00  1.55056988E-01  8.43964303E-01  4.14812037E-06  6.49766997E-04  5.42000244E-05  2.73492544E+03  2.27749521E+06  3.41987487E+09  2.90309192E+00  1.72228597E-01  1.08626791E-28  0.00000000E+00  3.14661026E-07  0.00000000E+00  0.00000000E+00  0.00000000E+00  0.00000000E+00  0.00000000E+00  0.00000000E+00
00093  4.15657038E+09  9.99048536E-01  4.86995995E-01  5.81665244E-02  3.85435523E+00  7.31329150E+00  5.52583767E+00  1.67356787E+01 -1.27623621E+00  1.45761616E-01  8.53260082E-01  4.20606035E-06  6.52479159E-04  5.10231570E-05  2.74930938E+03  2.24797700E+06  3.38740563E+09  2.91795680E+00  1.87663742E-01  1.39092108E-28  0.00000000E+00  3.25266600E-07  1.03424507E-03  0.00000000E+00  0.00000000E+00  1.63900354E-02  0.00000000E+00  0.00000000E+00
00094  4.19294142E+09  9.99035159E-01  4.91143910E-01  5.97115814E-02  3.85461968E+00  7.31565088E+00  5.53747976E+00  1.67444332E+01 -1.26467342E+00  1.36538036E-01  8.62483983E-01  4.26174954E-06  6.54599964E-04  4.85251280E-05  2.76403862E+03  2.21864216E+06  3.35516185E+09  2.93194766E+00  2.04366657E-01  1.78568968E-28  0.00000000E+00  3.35797404E-07  2.31557907E-03  0.00000000E+00  0.00000000E+00  2.13768741E-02  0.00000000E+00  0.00000000E+00
00095  4.22910754E+09  9.99021685E-01  4.95300763E-01  6.12842664E-02  3.85487255E+00  7.31805771E+00  5.54917216E+00  1.67532605E+01 -1.25316026E+00  1.27382977E-01  8.71639296E-01  4.31586696E-06  6.56249504E-04  4.65677825E-05  2.77911208E+03  2.18950534E+06  3.32315628E+09  2.94500073E+00  2.22397718E-01  2.29862585E-28  0.00000000E+00  3.46752895E-07  3.93980122E-03  0.00000000E+00  0.00000000E+00  2.54574889E-02  0.00000000E+00  0.00000000E+00
00096  4.26515467E+09  9.99008081E-01  4.99474050E-01  6.28725474E-02  3.85512174E+00  7.32051750E+00  5.56094348E+00  1.67621803E+01 -1.24166858E+00  1.18272297E-01  8.80750177E-01  4.36916865E-06  6.57534587E-04  4.50280465E-05  2.79441846E+03  2.16059125E+06  3.29133102E+09  2.95704169E+00  2.41892787E-01  2.96970251E-28  0.00000000E+00  3.58191045E-07  5.71697916E-03  0.00000000E+00  0.00000000E+00  2.87519557E-02  0.00000000E+00  0.00000000E+00
00097  4.30122128E+09  9.98994290E-01  5.03680304E-01  6.45009864E-02  3.85535908E+00  7.32302606E+00  5.57285543E+00  1.67712339E+01 -1.23005444E+00  1.09178212E-01  8.89844424E-01  4.42152890E-06  6.58544421E-04  4.38041370E-05  2.81019915E+03  2.13169924E+06  3.25956252E+09  2.96808034E+00  2.62978273E-01  3.85292516E-28  0.00000000E+00  3.70692059E-07  7.57712261E-03  0.00000000E+00  0.00000000E+00  3.15029165E-02  0.00000000E+00  0.00000000E+00
00098  4.33717014E+09  9.98980361E-01  5.07906340E-01  6.61648432E-02  3.85558366E+00  7.32556301E+00  5.58487525E+00  1.67804003E+01 -1.21827059E+00  1.00154167E-01  8.98868601E-01  4.47220045E-06  6.59345373E-04  4.28212015E-05  2.82641488E+03  2.10292569E+06  3.22795315E+09  2.97805499E+00  2.85619850E-01  5.01259362E-28  0.00000000E+00  3.83239514E-07  9.50813656E-03  0.00000000E+00  0.00000000E+00  3.38927558E-02  0.00000000E+00  0.00000000E+00
00099  4.37283764E+09  9.98966357E-01  5.12134578E-01  6.78567863E-02  3.85579475E+00  7.32809947E+00  5.59696398E+00  1.67896514E+01 -1.20624147E+00  9.12634610E-02  9.07759415E-01  4.52209406E-06  6.59989945E-04  4.20180230E-05  2.84300006E+03  2.07439553E+06  3.19663387E+09  2.98695787E+00  3.09696152E-01  6.52684930E-28  0.00000000E+00  3.96295497E-07  1.14722900E-02  0.00000000E+00  0.00000000E+00  3.59881690E-02  0.00000000E+00  0.00000000E+00
00100  4.40818753E+09  9.98952290E-01  5.16364261E-01  6.95748683E-02  3.85599313E+00  7.33061124E+00  5.60912896E+00  1.67989987E+01 -1.19381339E+00  8.25459670E-02  9.16477001E-01  4.57147850E-06  6.60520870E-04  4.13454060E-05  2.85994084E+03  2.04612222E+06  3.16560773E+09  2.99487216E+00  3.35119317E-01  8.49625506E-28  0.00000000E+00  4.10364111E-07  1.34458004E-02  0.00000000E+00  0.00000000E+00  3.78416427E-02  0.00000000E+00  0.00000000E+00
00101  4.44322386E+09  9.98938159E-01  5.20600479E-01  7.13171329E-02  3.85618105E+00  7.33307025E+00  5.62139675E+00  1.68084722E+01 -1.18076506E+00  7.40440042E-02  9.24979044E-01  4.62010394E-06  6.60969503E-04  4.07678487E-05  2.87722297E+03  2.01809126E+06  3.13483536E+09  3.00194970E+00  3.61777217E-01  1.10444207E-27  0.00000000E+00  4.24481956E-07  1.54243646E-02  0.00000000E+00  0.00000000E+00  3.95060478E-02  0.00000000E+00  0.00000000E+00
00102  4.47790497E+09  9.98923981E-01  5.24845508E-01  7.30776337E-02  3.85636206E+00  7.33543856E+00  5.63377968E+00  1.68180953E+01 -1.16684669E+00  6.58236647E-02  9.33199455E-01  4.66746063E-06  6.61356559E-04  4.02623560E-05  2.89479192E+03  1.99032017E+06  3.10429899E+09  3.00841127E+00  3.89467619E-01  1.43101092E-27  0.00000000E+00  4.39124556E-07  1.74020519E-02  0.00000000E+00  0.00000000E+00  4.10098794E-02  0.00000000E+00  0.00000000E+00
00103  4.51211770E+09  9.98909804E-01  5.29094810E-01  7.48576809E-02  3.85653436E+00  7.33767103E+00  5.64626433E+00  1.68278772E+01 -1.15181652E+00  5.79766122E-02  9.41046571E-01  4.71281795E-06  6.61694596E-04  3.98155509E-05  2.91266478E+03  1.96282359E+06  3.07402983E+09  3.01453167E+00  4.17877021E-01  1.84329867E-27  0.00000000E+00  4.54246466E-07  1.93546813E-02  0.00000000E+00  0.00000000E+00  4.23657397E-02  0.00000000E+00  0.00000000E+00
00104  4.54571719E+09  9.98895691E-01  5.33336816E-01  7.66472702E-02  3.85670007E+00  7.33972435E+00  5.65881332E+00  1.68378125E+01 -1.13548844E+00  5.06020634E-02  9.48421176E-01  4.75539123E-06  6.61990908E-04  3.94201442E-05  2.93074448E+03  1.93569711E+06  3.04410716E+09  3.02056900E+00  4.46650100E-01  2.35394625E-27  0.00000000E+00  4.70287000E-07  2.12672209E-02  0.00000000E+00  0.00000000E+00  4.35813966E-02  0.00000000E+00  0.00000000E+00
00105  4.57862722E+09  9.98881679E-01  5.37569047E-01  7.84416394E-02  3.85686094E+00  7.34156228E+00  5.67140872E+00  1.68479105E+01 -1.11767302E+00  4.37773481E-02  9.55245942E-01  4.79447355E-06  6.62249858E-04  3.90720916E-05  2.94898495E+03  1.90896786E+06  3.01454390E+09  3.02684257E+00  4.75446045E-01  2.97320931E-27  0.00000000E+00  4.86184437E-07  2.31263741E-02  0.00000000E+00  0.00000000E+00  4.46688779E-02  0.00000000E+00  0.00000000E+00
00106  4.61083845E+09  9.98867777E-01  5.41795785E-01  8.02386685E-02  3.85701911E+00  7.34316829E+00  5.68403730E+00  1.68581882E+01 -1.09826924E+00  3.75531128E-02  9.61470221E-01  4.82964354E-06  6.62474028E-04  3.87690061E-05  2.96736604E+03  1.88262040E+06  2.98530584E+09  3.03359926E+00  5.04050733E-01  3.70957491E-27  0.00000000E+00  5.02397246E-07  2.49318729E-02  0.00000000E+00  0.00000000E+00  4.56464682E-02  0.00000000E+00  0.00000000E+00
00107  4.64236945E+09  9.98853983E-01  5.46020465E-01  8.20376905E-02  3.85717577E+00  7.34454374E+00  5.69667721E+00  1.68686544E+01 -1.07729145E+00  3.19551059E-02  9.67068265E-01  4.86078431E-06  6.62666097E-04  3.85079772E-05  2.98588209E+03  1.85663727E+06  2.95636569E+09  3.04098486E+00  5.32350445E-01  4.57035711E-27  0.00000000E+00  5.18921414E-07  2.66917981E-02  0.00000000E+00  0.00000000E+00  4.65302046E-02  0.00000000E+00  0.00000000E+00
00108  4.67327510E+09  9.98840277E-01  5.50250807E-01  8.38431480E-02  3.85733062E+00  7.34570233E+00  5.70931735E+00  1.68793214E+01 -1.05480328E+00  2.69814705E-02  9.72041933E-01  4.88798027E-06  6.62829821E-04  3.82846036E-05  3.00458033E+03  1.83096206E+06  2.92766818E+09  3.04912563E+00  5.60291175E-01  5.56176574E-27  0.00000000E+00  5.36257198E-07  2.84183870E-02  0.00000000E+00  0.00000000E+00  4.73340577E-02  0.00000000E+00  0.00000000E+00
00109  4.70365965E+09  9.98826617E-01  5.54496967E-01  8.56598745E-02  3.85748380E+00  7.34666718E+00  5.72195884E+00  1.68902059E+01 -1.03089941E+00  2.26068378E-02  9.76416594E-01  4.91157315E-06  6.62968834E-04  3.80942782E-05  3.02351327E+03  1.80552947E+06  2.89914377E+09  3.05799986E+00  5.87989572E-01  6.69380233E-27  0.00000000E+00  5.53442991E-07  3.01202938E-02  0.00000000E+00  0.00000000E+00  4.80750131E-02  0.00000000E+00  0.00000000E+00
00110  4.73364898E+09  9.98812948E-01  5.58774867E-01  8.74976861E-02  3.85763437E+00  7.34746228E+00  5.73462213E+00  1.69013343E+01 -1.00564411E+00  1.87927775E-02  9.80230678E-01  4.93195240E-06  6.63086473E-04  3.79326588E-05  3.04278711E+03  1.78023355E+06  2.87068744E+09  3.06761027E+00  6.15594849E-01  7.97950661E-27  0.00000000E+00  5.71040131E-07  3.18084107E-02  0.00000000E+00  0.00000000E+00  4.87632207E-02  0.00000000E+00  0.00000000E+00
00111  4.76335178E+09  9.98799218E-01  5.63097304E-01  8.93657556E-02  3.85778094E+00  7.34811270E+00  5.74732581E+00  1.69127277E+01 -9.79116544E-01  1.54966049E-02  9.83526870E-01  4.94951435E-06  6.63185707E-04  3.77958344E-05  3.06250395E+03  1.75498955E+06  2.84221876E+09  3.07792391E+00  6.43267417E-01  9.43468953E-27  0.00000000E+00  5.89116984E-07  3.34915471E-02  0.00000000E+00  0.00000000E+00  4.94067329E-02  0.00000000E+00  0.00000000E+00
00112  4.79284239E+09  9.98785393E-01  5.67471984E-01  9.12707125E-02  3.85792214E+00  7.34864449E+00  5.76007734E+00  1.69243941E+01 -9.51431319E-01  1.26743452E-02  9.86349147E-01  4.96468942E-06  6.63269064E-04  3.76803370E-05  3.08274142E+03  1.72974815E+06  2.81369365E+09  3.08883744E+00  6.71198642E-01  1.10798999E-26  0.00000000E+00  6.07720114E-07  3.51760526E-02  0.00000000E+00  0.00000000E+00  5.00118408E-02  0.00000000E+00  0.00000000E+00
00113  4.82217865E+09  9.98771440E-01  5.71905573E-01  9.32191491E-02  3.85805632E+00  7.34908164E+00  5.77288929E+00  1.69363423E+01 -9.22685650E-01  1.02801150E-02  9.88743391E-01  4.97788702E-06  6.63338797E-04  3.75830461E-05  3.10357887E+03  1.70446747E+06  2.78507666E+09  3.10026136E+00  6.99558871E-01  1.29400469E-26  0.00000000E+00  6.27432893E-07  3.68671737E-02  0.00000000E+00  0.00000000E+00  5.05836277E-02  0.00000000E+00  0.00000000E+00
00114  4.85140241E+09  9.98757336E-01  5.76403057E-01  9.52178630E-02  3.85818133E+00  7.34944294E+00  5.78577825E+00  1.69485789E+01 -8.92947693E-01  8.26789934E-03  9.90755619E-01  4.98943552E-06  6.63396888E-04  3.75012577E-05  3.12510004E+03  1.67911427E+06  2.75634476E+09  3.11213219E+00  7.28482219E-01  1.50419860E-26  0.00000000E+00  6.47268016E-07  3.85691793E-02  0.00000000E+00  0.00000000E+00  5.11262466E-02  0.00000000E+00  0.00000000E+00
00115  4.88052937E+09  9.98743067E-01  5.80965935E-01  9.72700048E-02  3.85829598E+00  7.34975045E+00  5.79874919E+00  1.69611013E+01 -8.62328334E-01  6.59293656E-03  9.92430592E-01  4.99973624E-06  6.63444979E-04  3.74325613E-05  3.14735143E+03  1.65368514E+06  2.72749809E+09  3.12430178E+00  7.58153661E-01  1.74229742E-26  0.00000000E+00  6.67785334E-07  4.02848314E-02  0.00000000E+00  0.00000000E+00  5.16430342E-02  0.00000000E+00  0.00000000E+00
00116  4.90955288E+09  9.98728631E-01  5.85593051E-01  9.93795764E-02  3.85839797E+00  7.35001715E+00  5.81181234E+00  1.69739047E+01 -8.30888262E-01  5.21255040E-03  9.93810987E-01  5.00903040E-06  6.63484548E-04  3.73749496E-05  3.17039033E+03  1.62818437E+06  2.69855368E+09  3.13671780E+00  7.88644088E-01  2.01175878E-26  0.00000000E+00  6.88998477E-07  4.20154170E-02  0.00000000E+00  0.00000000E+00  5.21363480E-02  0.00000000E+00  0.00000000E+00
00117  4.93845344E+09  9.98714031E-01  5.90282459E-01  1.01547859E-01  3.85848618E+00  7.35025900E+00  5.82497207E+00  1.69869817E+01 -7.98713813E-01  4.08613014E-03  9.94937415E-01  5.01762390E-06  6.63516750E-04  3.73266910E-05  3.19424581E+03  1.60262972E+06  2.66953307E+09  3.14926536E+00  8.20073389E-01  2.31719346E-26  0.00000000E+00  7.10943819E-07  4.37623971E-02  0.00000000E+00  0.00000000E+00  5.26072763E-02  0.00000000E+00  0.00000000E+00
00118  4.96718720E+09  9.98699285E-01  5.95026647E-01  1.03775087E-01  3.85855861E+00  7.35048568E+00  5.83822596E+00  1.70003139E+01 -7.65881700E-01  3.17636530E-03  9.95847186E-01  5.02570957E-06  6.63542611E-04  3.72863538E-05  3.21893629E+03  1.57706267E+06  2.64049108E+09  3.16185329E+00  8.52490678E-01  2.66306163E-26  0.00000000E+00  7.34123364E-07  4.55270124E-02  0.00000000E+00  0.00000000E+00  5.30555596E-02  0.00000000E+00  0.00000000E+00
00119  4.99571520E+09  9.98684409E-01  5.99819729E-01  1.06061618E-01  3.85861362E+00  7.35070737E+00  5.85157484E+00  1.70138881E+01 -7.32459953E-01  2.44870024E-03  9.96574857E-01  5.03349613E-06  6.63562993E-04  3.72526805E-05  3.24448233E+03  1.55151651E+06  2.61147067E+09  3.17439359E+00  8.85950361E-01  3.05481694E-26  0.00000000E+00  7.57507048E-07  4.73050513E-02  0.00000000E+00  0.00000000E+00  5.34845324E-02  0.00000000E+00  0.00000000E+00
00120  5.00000000E+09  9.98682169E-01  6.00556005E-01  1.06424033E-01  3.85861648E+00  7.35068600E+00  5.85369427E+00  1.70159989E+01 -7.26905838E-01  2.34357181E-03  9.96679986E-01  5.03372703E-06  6.63566949E-04  3.72478510E-05  3.24854975E+03  1.54758946E+06  2.60704125E+09  3.17629237E+00  8.90451451E-01  3.10849554E-26  0.00000000E+00  7.60871816E-07  4.75648964E-02  0.00000000E+00  0.00000000E+00  5.35429214E-02  0.00000000E+00  0.00000000E+00
