00000  0.00000000E+00  2.10000000E-01 -2.18049970E+00 -6.22314400E-01  3.52772177E+00  6.80521784E+00  5.10645873E+00  1.60624001E+01  1.08109219E-01  6.98490994E-01  2.81392784E-01  3.53980864E-03  1.06566230E-03  1.00996559E-02  5.71723276E+02  2.21326746E+08  3.31127774E+11  6.54485840E-03  4.80161661E-09  0.00000000E+00  0.00000000E+00  0.00000000E+00  0.00000000E+00  0.00000000E+00  0.00000000E+00  0.00000000E+00  0.00000000E+00  0.00000000E+00
00001  5.00000000E+04  2.10000000E-01 -2.19949264E+00 -6.22574349E-01  3.52310351E+00  6.80276302E+00  5.10374313E+00  1.60572661E+01  1.10987431E-01  6.98490848E-01  2.81392930E-01  3.53980863E-03  1.06566230E-03  1.00996559E-02  5.71210194E+02  2.31359208E+08  3.45930258E+11  6.29817623E-03  4.16600133E-09  0.00000000E+00  0.00000000E+00  0.00000000E+00  0.00000000E+00  0.00000000E+00  0.00000000E+00  0.00000000E+00  0.00000000E+00  0.00000000E+00
00002  1.00000000E+05  2.10000000E-01 -2.19949952E+00 -6.22575019E-01  3.52310213E+00  6.80276386E+00  5.10374474E+00  1.60572686E+01  1.10988364E-01  6.98490706E-01  2.81393072E-01  3.53980863E-03  1.06566231E-03  1.00996559E-02  5.71208873E+02  2.31363227E+08  3.45935733E+11  6.29818129E-03  4.16610818E-09  0.00000000E+00  0.00000000E+00  0.00000000E+00  0.00000000E+00  0.00000000E+00  0.00000000E+00  0.00000000E+00  0.00000000E+00  0.00000000E+00
00003  1.60000000E+05  2.10000000E-01 -2.19949794E+00 -6.22575017E-01  3.52310252E+00  6.80276389E+00  5.10374483E+00  1.60572686E+01  1.10988393E-01  6.98490541E-01  2.81393237E-01  3.53980863E-03  1.06566231E-03  1.00996559E-02  5.71208878E+02  2.31362384E+08  3.45934475E+11  6.29818266E-03  4.16611436E-09  0.00000000E+00  0.00000000E+00  0.00000000E+00  0.00000000E+00  0.00000000E+00  0.00000000E+00  0.00000000E+00  0.00000000E+00  0.00000000E+00
00004  2.32000000E+05  2.09999999E-01 -2.19949795E+00 -6.22575025E-01  3.52310252E+00  6.80276393E+00  5.10374495E+00  1.60572687E+01  1.10988422E-01  6.98490348E-01  2.81393430E-01  3.53980862E-03  1.06566232E-03  1.00996559E-02  5.71208862E+02  2.31362395E+08  3.45934485E+11  6.29818477E-03  4.16612301E-09  0.00000000E+00  0.00000000E+00  0.00000000E+00  0.00000000E+00  0.00000000E+00  0.00000000E+00  0.00000000E+00  0.00000000E+00  0.00000000E+00
00005  3.18400000E+05  2.09999999E-01 -2.19949795E+00 -6.22575034E-01  3.52310253E+00  6.80276397E+00  5.10374509E+00  1.60572688E+01  1.10988455E-01  6.98490126E-01  2.81393653E-01  3.53980862E-03  1.06566232E-03  1.00996559E-02  5.71208843E+02  2.31362401E+08  3.45934487E+11  6.29818729E-03  4.16613331E-09  0.00000000E+00  0.00000000E+00  0.00000000E+00  0.00000000E+00  0.00000000E+00  0.00000000E+00  0.00000000E+00  0.00000000E+00  0.00000000E+00
00006  4.22080000E+05  2.09999999E-01 -2.19949797E+00 -6.22575046E-01  3.52310253E+00  6.80276403E+00  5.10374525E+00  1.60572690E+01  1.10988491E-01  6.98489868E-01  2.81393910E-01  3.53980862E-03  1.06566232E-03  1.00996559E-02  5.71208821E+02  2.31362413E+08  3.45934496E+11  6.29819030E-03  4.16614555E-09  0.00000000E+00  0.00000000E+00  0.00000000E+00  0.00000000E+00  0.00000000E+00  0.00000000E+00  0.00000000E+00  0.00000000E+00  0.00000000E+00
00007  5.46496000E+05  2.09999999E-01 -2.19949798E+00 -6.22575060E-01  3.52310253E+00  6.80276409E+00  5.10374544E+00  1.60572691E+01  1.10988533E-01  6.98489572E-01  2.81394206E-01  3.53980861E-03  1.06566233E-03  1.00996559E-02  5.71208794E+02  2.31362426E+08  3.45934504E+11  6.29819389E-03  4.16616010E-09  0.00000000E+00  0.00000000E+00  0.00000000E+00  0.00000000E+00  0.00000000E+00  0.00000000E+00  0.00000000E+00  0.00000000E+00  0.00000000E+00
00008  6.95795200E+05  2.09999998E-01 -2.19949799E+00 -6.22575077E-01  3.52310254E+00  6.80276417E+00  5.10374566E+00  1.60572693E+01  1.10988578E-01  6.98489233E-01  2.81394545E-01  3.53980861E-03  1.06566233E-03  1.00996559E-02  5.71208762E+02  2.31362438E+08  3.45934511E+11  6.29819818E-03  4.16617734E-09  0.00000000E+00  0.00000000E+00  0.00000000E+00  0.00000000E+00  0.00000000E+00  0.00000000E+00  0.00000000E+00  0.00000000E+00  0.00000000E+00
00009  8.74954240E+05  2.09999998E-01 -2.19949801E+00 -6.22575096E-01  3.52310254E+00  6.80276427E+00  5.10374591E+00  1.60572695E+01  1.10988627E-01  6.98488846E-01  2.81394932E-01  3.53980860E-03  1.06566234E-03  1.00996559E-02  5.71208724E+02  2.31362458E+08  3.45934525E+11  6.29820330E-03  4.16619774E-09  0.00000000E+00  0.00000000E+00  0.00000000E+00  0.00000000E+00  0.00000000E+00  0.00000000E+00  0.00000000E+00  0.00000000E+00  0.00000000E+00
00010  1.08994509E+06  2.09999997E-01 -2.19949802E+00 -6.22575119E-01  3.52310255E+00  6.80276437E+00  5.10374620E+00  1.60572698E+01  1.10988679E-01  6.98488407E-01  2.81395371E-01  3.53980860E-03  1.06566234E-03  1.00996559E-02  5.71208679E+02  2.31362477E+08  3.45934536E+11  6.29820938E-03  4.16622182E-09  0.00000000E+00  0.00000000E+00  0.00000000E+00  0.00000000E+00  0.00000000E+00  0.00000000E+00  0.00000000E+00  0.00000000E+00  0.00000000E+00
00011  1.34793411E+06  2.09999996E-01 -2.19949804E+00 -6.22575147E-01  3.52310256E+00  6.80276450E+00  5.10374654E+00  1.60572701E+01  1.10988733E-01  6.98487911E-01  2.81395867E-01  3.53980859E-03  1.06566235E-03  1.00996559E-02  5.71208625E+02  2.31362501E+08  3.45934551E+11  6.29821659E-03  4.16625016E-09  0.00000000E+00  0.00000000E+00  0.00000000E+00  0.00000000E+00  0.00000000E+00  0.00000000E+00  0.00000000E+00  0.00000000E+00  0.00000000E+00
00012  1.65752093E+06  2.09999995E-01 -2.19949814E+00 -6.22575195E-01  3.52310256E+00  6.80276415E+00  5.10374515E+00  1.60572692E+01  1.10988141E-01  6.98490503E-01  2.81393276E-01  3.53980864E-03  1.06566231E-03  1.00996559E-02  5.71208532E+02  2.31362575E+08  3.45934626E+11  6.29820666E-03  4.16617873E-09  0.00000000E+00  0.00000000E+00  0.00000000E+00  0.00000000E+00  0.00000000E+00  0.00000000E+00  0.00000000E+00  0.00000000E+00  0.00000000E+00
00013  2.02902511E+06  2.09999994E-01 -2.19949828E+00 -6.22575238E-01  3.52310254E+00  6.80276422E+00  5.10374527E+00  1.60572693E+01  1.10988093E-01  6.98490400E-01  2.81393379E-01  3.53980863E-03  1.06566203E-03  1.00996562E-02  5.71208449E+02  2.31362674E+08  3.45934741E+11  6.29821289E-03  4.16619685E-09  0.00000000E+00  0.00000000E+00  0.00000000E+00  0.00000000E+00  0.00000000E+00  0.00000000E+00  0.00000000E+00  0.00000000E+00  0.00000000E+00
00014  2.47483013E+06  2.09999993E-01 -2.19949825E+00 -6.22575289E-01  3.52310258E+00  6.80276431E+00  5.10374542E+00  1.60572695E+01  1.10988034E-01  6.98490270E-01  2.81393508E-01  3.53980863E-03  1.06566172E-03  1.00996567E-02  5.71208350E+02  2.31362682E+08  3.45934714E+11  6.29822039E-03  4.16621885E-09  0.00000000E+00  0.00000000E+00  0.00000000E+00  0.00000000E+00  0.00000000E+00  0.00000000E+00  0.00000000E+00  0.00000000E+00  0.00000000E+00
00015  3.00979616E+06  2.09999992E-01 -2.19949830E+00 -6.22575349E-01  3.52310260E+00  6.80276442E+00  5.10374560E+00  1.60572698E+01  1.10987960E-01  6.98490114E-01  2.81393664E-01  3.53980863E-03  1.06566172E-03  1.00996567E-02  5.71208233E+02  2.31362735E+08  3.45934748E+11  6.29822927E-03  4.16624506E-09  0.00000000E+00  0.00000000E+00  0.00000000E+00  0.00000000E+00  0.00000000E+00  0.00000000E+00  0.00000000E+00  0.00000000E+00  0.00000000E+00
00016  3.65175539E+06  2.09999990E-01 -2.19949837E+00 -6.22575420E-01  3.52310261E+00  6.80276455E+00  5.10374581E+00  1.60572701E+01  1.10987865E-01  6.98489927E-01  2.81393851E-01  3.53980863E-03  1.06566170E-03  1.00996567E-02  5.71208095E+02  2.31362806E+08  3.45934801E+11  6.29823979E-03  4.16627621E-09  0.00000000E+00  0.00000000E+00  0.00000000E+00  0.00000000E+00  0.00000000E+00  0.00000000E+00  0.00000000E+00  0.00000000E+00  0.00000000E+00
00017  4.42210647E+06  2.09999988E-01 -2.19949845E+00 -6.22575504E-01  3.52310264E+00  6.80276471E+00  5.10374606E+00  1.60572704E+01  1.10987741E-01  6.98489702E-01  2.81394076E-01  3.53980863E-03  1.06566163E-03  1.00996568E-02  5.71207933E+02  2.31362890E+08  3.45934863E+11  6.29825219E-03  4.16631317E-09  0.00000000E+00  0.00000000E+00  0.00000000E+00  0.00000000E+00  0.00000000E+00  0.00000000E+00  0.00000000E+00  0.00000000E+00  0.00000000E+00
00018  5.34652777E+06  2.09999985E-01 -2.19949854E+00 -6.22575601E-01  3.52310266E+00  6.80276489E+00  5.10374635E+00  1.60572708E+01  1.10987581E-01  6.98489432E-01  2.81394346E-01  3.53980863E-03  1.06566161E-03  1.00996568E-02  5.71207744E+02  2.31362984E+08  3.45934930E+11  6.29826678E-03  4.16635693E-09  0.00000000E+00  0.00000000E+00  0.00000000E+00  0.00000000E+00  0.00000000E+00  0.00000000E+00  0.00000000E+00  0.00000000E+00  0.00000000E+00
00019  6.45583332E+06  2.09999982E-01 -2.19949864E+00 -6.22575715E-01  3.52310270E+00  6.80276511E+00  5.10374669E+00  1.60572712E+01  1.10987370E-01  6.98489108E-01  2.81394670E-01  3.53980863E-03  1.06566160E-03  1.00996568E-02  5.71207524E+02  2.31363089E+08  3.45935002E+11  6.29828388E-03  4.16640861E-09  0.00000000E+00  0.00000000E+00  0.00000000E+00  0.00000000E+00  0.00000000E+00  0.00000000E+00  0.00000000E+00  0.00000000E+00  0.00000000E+00
00020  7.78699998E+06  2.09999978E-01 -2.19949875E+00 -6.22575847E-01  3.52310273E+00  6.80276537E+00  5.10374708E+00  1.60572717E+01  1.10987093E-01  6.98488720E-01  2.81395058E-01  3.53980863E-03  1.06566164E-03  1.00996568E-02  5.71207269E+02  2.31363209E+08  3.45935082E+11  6.29830382E-03  4.16646947E-09  0.00000000E+00  0.00000000E+00  0.00000000E+00  0.00000000E+00  0.00000000E+00  0.00000000E+00  0.00000000E+00  0.00000000E+00  0.00000000E+00
00021  9.38439998E+06  2.09999974E-01 -2.19949886E+00 -6.22575998E-01  3.52310278E+00  6.80276567E+00  5.10374753E+00  1.60572723E+01  1.10986727E-01  6.98488253E-01  2.81395525E-01  3.53980863E-03  1.06566165E-03  1.00996568E-02  5.71206978E+02  2.31363339E+08  3.45935163E+11  6.29832694E-03  4.16654090E-09  0.00000000E+00  0.00000000E+00  0.00000000E+00  0.00000000E+00  0.00000000E+00  0.00000000E+00  0.00000000E+00  0.00000000E+00  0.00000000E+00
00022  1.13012800E+07  2.09999968E-01 -2.19949898E+00 -6.22576170E-01  3.52310284E+00  6.80276602E+00  5.10374804E+00  1.60572730E+01  1.10986240E-01  6.98487694E-01  2.81396084E-01  3.53980863E-03  1.06566157E-03  1.00996568E-02  5.71206646E+02  2.31363487E+08  3.45935257E+11  6.29835358E-03  4.16662441E-09  0.00000000E+00  0.00000000E+00  0.00000000E+00  0.00000000E+00  0.00000000E+00  0.00000000E+00  0.00000000E+00  0.00000000E+00  0.00000000E+00
00023  1.36015360E+07  2.09999962E-01 -2.19949909E+00 -6.22576363E-01  3.52310291E+00  6.80276644E+00  5.10374861E+00  1.60572737E+01  1.10985592E-01  6.98487022E-01  2.81396756E-01  3.53980863E-03  1.06566143E-03  1.00996569E-02  5.71206273E+02  2.31363632E+08  3.45935330E+11  6.29838408E-03  4.16672167E-09  0.00000000E+00  0.00000000E+00  0.00000000E+00  0.00000000E+00  0.00000000E+00  0.00000000E+00  0.00000000E+00  0.00000000E+00  0.00000000E+00
00024  1.63618432E+07  2.09999954E-01 -2.19949920E+00 -6.22576578E-01  3.52310299E+00  6.80276692E+00  5.10374925E+00  1.60572746E+01  1.10984729E-01  6.98486217E-01  2.81397561E-01  3.53980862E-03  1.06566190E-03  1.00996567E-02  5.71205860E+02  2.31363788E+08  3.45935406E+11  6.29841866E-03  4.16683435E-09  0.00000000E+00  0.00000000E+00  0.00000000E+00  0.00000000E+00  0.00000000E+00  0.00000000E+00  0.00000000E+00  0.00000000E+00  0.00000000E+00
00025  1.96742118E+07  2.09999945E-01 -2.19949925E+00 -6.22576813E-01  3.52310309E+00  6.80276748E+00  5.10374994E+00  1.60572755E+01  1.10983582E-01  6.98485250E-01  2.81398528E-01  3.53980862E-03  1.06566240E-03  1.00996562E-02  5.71205409E+02  2.31363916E+08  3.45935425E+11  6.29845750E-03  4.16696424E-09  0.00000000E+00  0.00000000E+00  0.00000000E+00  0.00000000E+00  0.00000000E+00  0.00000000E+00  0.00000000E+00  0.00000000E+00  0.00000000E+00
00026  2.36490542E+07  2.09999933E-01 -2.19949926E+00 -6.22577066E-01  3.52310321E+00  6.80276812E+00  5.10375069E+00  1.60572765E+01  1.10982056E-01  6.98484089E-01  2.81399689E-01  3.53980861E-03  1.06566342E-03  1.00996553E-02  5.71204926E+02  2.31364034E+08  3.45935418E+11  6.29850064E-03  4.16711319E-09  0.00000000E+00  0.00000000E+00  0.00000000E+00  0.00000000E+00  0.00000000E+00  0.00000000E+00  0.00000000E+00  0.00000000E+00  0.00000000E+00
00027  2.84188650E+07  2.09999920E-01 -2.19949919E+00 -6.22577330E-01  3.52310336E+00  6.80276886E+00  5.10375147E+00  1.60572775E+01  1.10980037E-01  6.98482697E-01  2.81401081E-01  3.53980861E-03  1.06566354E-03  1.00996553E-02  5.71204422E+02  2.31364107E+08  3.45935339E+11  6.29854794E-03  4.16728297E-09  0.00000000E+00  0.00000000E+00  0.00000000E+00  0.00000000E+00  0.00000000E+00  0.00000000E+00  0.00000000E+00  0.00000000E+00  0.00000000E+00
00028  3.41426380E+07  2.09999904E-01 -2.19949902E+00 -6.22577600E-01  3.52310354E+00  6.80276971E+00  5.10375227E+00  1.60572785E+01  1.10977374E-01  6.98481026E-01  2.81402751E-01  3.53980860E-03  1.06566324E-03  1.00996557E-02  5.71203912E+02  2.31364124E+08  3.45935176E+11  6.29859908E-03  4.16747543E-09  0.00000000E+00  0.00000000E+00  0.00000000E+00  0.00000000E+00  0.00000000E+00  0.00000000E+00  0.00000000E+00  0.00000000E+00  0.00000000E+00
00029  4.10111656E+07  2.09999884E-01 -2.19949864E+00 -6.22577865E-01  3.52310377E+00  6.80277068E+00  5.10375305E+00  1.60572795E+01  1.10973888E-01  6.98479022E-01  2.81404755E-01  3.53980859E-03  1.06566508E-03  1.00996549E-02  5.71203415E+02  2.31364021E+08  3.45934843E+11  6.29865363E-03  4.16769276E-09  0.00000000E+00  0.00000000E+00  0.00000000E+00  0.00000000E+00  0.00000000E+00  0.00000000E+00  0.00000000E+00  0.00000000E+00  0.00000000E+00
00030  4.92533987E+07  2.09999861E-01 -2.19949805E+00 -6.22578114E-01  3.52310404E+00  6.80277177E+00  5.10375378E+00  1.60572805E+01  1.10969361E-01  6.98476616E-01  2.81407161E-01  3.53980858E-03  1.06566484E-03  1.00996555E-02  5.71202956E+02  2.31363790E+08  3.45934338E+11  6.29871098E-03  4.16793734E-09  0.00000000E+00  0.00000000E+00  0.00000000E+00  0.00000000E+00  0.00000000E+00  0.00000000E+00  0.00000000E+00  0.00000000E+00  0.00000000E+00
00031  5.91440784E+07  2.09999833E-01 -2.19949721E+00 -6.22578331E-01  3.52310436E+00  6.80277302E+00  5.10375441E+00  1.60572813E+01  1.10963527E-01  6.98473729E-01  2.81410048E-01  3.53980857E-03  1.06567318E-03  1.00996463E-02  5.71202565E+02  2.31363396E+08  3.45933621E+11  6.29877030E-03  4.16821177E-09  0.00000000E+00  0.00000000E+00  0.00000000E+00  0.00000000E+00  0.00000000E+00  0.00000000E+00  0.00000000E+00  0.00000000E+00  0.00000000E+00
00032  7.10128941E+07  2.09999800E-01 -2.19949586E+00 -6.22578507E-01  3.52310478E+00  6.80277444E+00  5.10375491E+00  1.60572819E+01  1.10956102E-01  6.98470265E-01  2.81413513E-01  3.53980827E-03  1.06567311E-03  1.00996455E-02  5.71202264E+02  2.31362697E+08  3.45932492E+11  6.29883153E-03  4.16852086E-09  0.00000000E+00  0.00000000E+00  0.00000000E+00  0.00000000E+00  0.00000000E+00  0.00000000E+00  0.00000000E+00  0.00000000E+00  0.00000000E+00
00033  8.52554730E+07  2.09999760E-01 -2.19949412E+00 -6.22578625E-01  3.52310528E+00  6.80277607E+00  5.10375524E+00  1.60572823E+01  1.10946734E-01  6.98466108E-01  2.81417672E-01  3.53980825E-03  1.06567556E-03  1.00996417E-02  5.71202085E+02  2.31361741E+08  3.45931034E+11  6.29889430E-03  4.16887077E-09  0.00000000E+00  0.00000000E+00  0.00000000E+00  0.00000000E+00  0.00000000E+00  0.00000000E+00  0.00000000E+00  0.00000000E+00  0.00000000E+00
00034  1.02346568E+08  2.09999711E-01 -2.19949188E+00 -6.22578674E-01  3.52310586E+00  6.80277794E+00  5.10375535E+00  1.60572824E+01  1.10935026E-01  6.98461120E-01  2.81422662E-01  3.53980822E-03  1.06567638E-03  1.00996386E-02  5.71202055E+02  2.31360469E+08  3.45929173E+11  6.29895858E-03  4.16926854E-09  0.00000000E+00  0.00000000E+00  0.00000000E+00  0.00000000E+00  0.00000000E+00  0.00000000E+00  0.00000000E+00  0.00000000E+00  0.00000000E+00
00035  1.22855881E+08  2.09999654E-01 -2.19948879E+00 -6.22578649E-01  3.52310662E+00  6.80278010E+00  5.10375524E+00  1.60572821E+01  1.10920579E-01  6.98455138E-01  2.81428654E-01  3.53980721E-03  1.06568395E-03  1.00996220E-02  5.71202183E+02  2.31358685E+08  3.45926621E+11  6.29902595E-03  4.16972495E-09  0.00000000E+00  0.00000000E+00  0.00000000E+00  0.00000000E+00  0.00000000E+00  0.00000000E+00  0.00000000E+00  0.00000000E+00  0.00000000E+00
00036  1.47467057E+08  2.09999584E-01 -2.19948537E+00 -6.22578536E-01  3.52310742E+00  6.80278264E+00  5.10375486E+00  1.60572815E+01  1.10902784E-01  6.98447947E-01  2.81435838E-01  3.53980718E-03  1.06568036E-03  1.00996328E-02  5.71202500E+02  2.31356650E+08  3.45923782E+11  6.29909728E-03  4.17025581E-09  0.00000000E+00  0.00000000E+00  0.00000000E+00  0.00000000E+00  0.00000000E+00  0.00000000E+00  0.00000000E+00  0.00000000E+00  0.00000000E+00
00037  1.77000469E+08  2.09999501E-01 -2.19948073E+00 -6.22578340E-01  3.52310848E+00  6.80278563E+00  5.10375422E+00  1.60572805E+01  1.10881146E-01  6.98439321E-01  2.81444459E-01  3.53980712E-03  1.06566151E-03  1.00996582E-02  5.71202999E+02  2.31353889E+08  3.45919948E+11  6.29917594E-03  4.17087885E-09  0.00000000E+00  0.00000000E+00  0.00000000E+00  0.00000000E+00  0.00000000E+00  0.00000000E+00  0.00000000E+00  0.00000000E+00  0.00000000E+00
00038  2.00000000E+08  2.09999436E-01 -2.19947716E+00 -6.22578163E-01  3.52310929E+00  6.80278794E+00  5.10375365E+00  1.60572797E+01  1.10864168E-01  6.98432601E-01  2.81451177E-01  3.53980709E-03  1.06567807E-03  1.00996432E-02  5.71203437E+02  2.31351749E+08  3.45916996E+11  6.29923423E-03  4.17135825E-09  0.00000000E+00  0.00000000E+00  0.00000000E+00  0.00000000E+00  0.00000000E+00  0.00000000E+00  0.00000000E+00  0.00000000E+00  0.00000000E+00
