00000  0.00000000E+00  1.00000000E+00 -1.54655885E-01 -5.27369747E-02  3.74939401E+00  7.12628079E+00  4.89376232E+00  1.61504221E+01 -1.72462659E+00  6.98287816E-01  2.81392784E-01  2.32069350E-03  2.48802121E-03  1.00995897E-02  1.87353434E+03  1.27401361E+07  1.48570470E+10  6.51226079E-01  5.22548254E-02  2.63533706E-34  0.00000000E+00  1.62294544E-08  0.00000000E+00  0.00000000E+00  0.00000000E+00  0.00000000E+00  0.00000000E+00  0.00000000E+00
00001  5.00000000E+04  1.00000000E+00 -1.49121128E-01 -4.77912012E-02  3.74830482E+00  7.12713579E+00  4.89350124E+00  1.61510013E+01 -1.72840433E+00  6.98284107E-01  2.81395988E-01  2.31765660E-03  2.49156449E-03  1.00995894E-02  1.90581315E+03  1.24363672E+07  1.46689065E+10  6.56104714E-01  5.40858259E-02  2.86446999E-34  0.00000000E+00  1.67594447E-08  0.00000000E+00  0.00000000E+00  0.00000000E+00  0.00000000E+00  0.00000000E+00  0.00000000E+00
00002  1.00000000E+05  9.99999996E-01 -1.49130943E-01 -4.78005418E-02  3.74830703E+00  7.12713434E+00  4.89350183E+00  1.61509989E+01 -1.72840028E+00  6.98279704E-01  2.81399190E-01  2.31045067E-03  2.49997195E-03  1.00995888E-02  1.90575167E+03  1.24369157E+07  1.46692380E+10  6.56098719E-01  5.40177749E-02  2.85830313E-34  0.00000000E+00  1.67685638E-08  0.00000000E+00  0.00000000E+00  0.00000000E+00  0.00000000E+00  0.00000000E+00  0.00000000E+00
00003  1.60000000E+05  9.99999992E-01 -1.49116611E-01 -4.77976786E-02  3.74830918E+00  7.12713456E+00  4.89350736E+00  1.61510028E+01 -1.72839088E+00  6.98274421E-01  2.81403031E-01  2.30179795E-03  2.51006745E-03  1.00995880E-02  1.90577052E+03  1.24364232E+07  1.46687538E+10  6.56104596E-01  5.39408456E-02  2.85138500E-34  0.00000000E+00  1.67685302E-08  0.00000000E+00  0.00000000E+00  0.00000000E+00  0.00000000E+00  0.00000000E+00  0.00000000E+00
00004  2.32000000E+05  9.99999987E-01 -1.49108696E-01 -4.77962652E-02  3.74831046E+00  7.12713431E+00  4.89351552E+00  1.61510085E+01 -1.72837393E+00  6.98268090E-01  2.81407638E-01  2.29145412E-03  2.52213605E-03  1.00995871E-02  1.90577983E+03  1.24361559E+07  1.46684864E+10  6.56112617E-01  5.38482163E-02  2.84297681E-34  0.00000000E+00  1.67684727E-08  0.00000000E+00  0.00000000E+00  0.00000000E+00  0.00000000E+00  0.00000000E+00  0.00000000E+00
00005  3.18400000E+05  9.99999980E-01 -1.49105445E-01 -4.77956457E-02  3.74831096E+00  7.12713340E+00  4.89352734E+00  1.61510169E+01 -1.72834643E+00  6.98260505E-01  2.81413165E-01  2.27910347E-03  2.53654609E-03  1.00995860E-02  1.90578391E+03  1.24360449E+07  1.46683765E+10  6.56123585E-01  5.37367340E-02  2.83276882E-34  0.00000000E+00  1.67683651E-08  0.00000000E+00  0.00000000E+00  0.00000000E+00  0.00000000E+00  0.00000000E+00  0.00000000E+00
00006  4.22080000E+05  9.99999973E-01 -1.49102674E-01 -4.77956034E-02  3.74831163E+00  7.12713159E+00  4.89354415E+00  1.61510288E+01 -1.72830439E+00  6.98251422E-01  2.81419794E-01  2.26437684E-03  2.55372830E-03  1.00995847E-02  1.90578420E+03  1.24359641E+07  1.46682828E+10  6.56138717E-01  5.36026853E-02  2.82039700E-34  0.00000000E+00  1.67681861E-08  0.00000000E+00  0.00000000E+00  0.00000000E+00  0.00000000E+00  0.00000000E+00  0.00000000E+00
00007  5.46496000E+05  9.99999963E-01 -1.49101674E-01 -4.77957983E-02  3.74831198E+00  7.12712863E+00  4.89356776E+00  1.61510459E+01 -1.72824262E+00  6.98240549E-01  2.81427744E-01  2.24684463E-03  2.57418391E-03  1.00995832E-02  1.90578292E+03  1.24359409E+07  1.46682489E+10  6.56159727E-01  5.34417096E-02  2.80543597E-34  0.00000000E+00  1.67679128E-08  0.00000000E+00  0.00000000E+00  0.00000000E+00  0.00000000E+00  0.00000000E+00  0.00000000E+00
00008  6.95795200E+05  9.99999952E-01 -1.49100163E-01 -4.77959634E-02  3.74831244E+00  7.12712421E+00  4.89360055E+00  1.61510701E+01 -1.72815442E+00  6.98227540E-01  2.81437281E-01  2.22600979E-03  2.59849287E-03  1.00995813E-02  1.90578185E+03  1.24359021E+07  1.46681977E+10  6.56189118E-01  5.32487575E-02  2.78739813E-34  0.00000000E+00  1.67675181E-08  0.00000000E+00  0.00000000E+00  0.00000000E+00  0.00000000E+00  0.00000000E+00  0.00000000E+00
00009  8.74954240E+05  9.99999939E-01 -1.49096703E-01 -4.77957651E-02  3.74831320E+00  7.12711805E+00  4.89364565E+00  1.61511041E+01 -1.72803135E+00  6.98211984E-01  2.81448719E-01  2.20130111E-03  2.62732163E-03  1.00995790E-02  1.90578317E+03  1.24357970E+07  1.46680806E+10  6.56230513E-01  5.30180603E-02  2.76573525E-34  0.00000000E+00  1.67669774E-08  0.00000000E+00  0.00000000E+00  0.00000000E+00  0.00000000E+00  0.00000000E+00  0.00000000E+00
00010  1.08994509E+06  9.99999923E-01 -1.49089337E-01 -4.77947706E-02  3.74831455E+00  7.12710948E+00  4.89370761E+00  1.61511517E+01 -1.72786022E+00  6.98193393E-01  2.81462439E-01  2.17206877E-03  2.66142839E-03  1.00995763E-02  1.90578973E+03  1.24355572E+07  1.46678316E+10  6.56289078E-01  5.27428914E-02  2.73976152E-34  0.00000000E+00  1.67662691E-08  0.00000000E+00  0.00000000E+00  0.00000000E+00  0.00000000E+00  0.00000000E+00  0.00000000E+00
00011  1.34793411E+06  9.99999904E-01 -1.49075486E-01 -4.77923941E-02  3.74831682E+00  7.12709846E+00  4.89379152E+00  1.61512178E+01 -1.72762874E+00  6.98171189E-01  2.81478894E-01  2.13757932E-03  2.70166890E-03  1.00995731E-02  1.90580539E+03  1.24350921E+07  1.46673635E+10  6.56372271E-01  5.24161384E-02  2.70885100E-34  0.00000000E+00  1.67653945E-08  0.00000000E+00  0.00000000E+00  0.00000000E+00  0.00000000E+00  0.00000000E+00  0.00000000E+00
00012  1.65752093E+06  9.99999881E-01 -1.49064057E-01 -4.77877304E-02  3.74831735E+00  7.12717252E+00  4.89360724E+00  1.61511389E+01 -1.72829797E+00  6.98255776E-01  2.81468364E-01  2.58194318E-03  2.18321410E-03  1.00996077E-02  1.90583611E+03  1.24346307E+07  1.46669772E+10  6.56354045E-01  5.51465338E-02  3.07141521E-34  0.00000000E+00  1.67713488E-08  0.00000000E+00  0.00000000E+00  0.00000000E+00  0.00000000E+00  0.00000000E+00  0.00000000E+00
00013  2.02902511E+06  9.99999854E-01 -1.49058031E-01 -4.77853689E-02  3.74831767E+00  7.12723844E+00  4.89343991E+00  1.61510352E+01 -1.72894882E+00  6.98254648E-01  2.81481083E-01  2.65149508E-03  2.10206634E-03  1.00996122E-02  1.90585168E+03  1.24343899E+07  1.46667733E+10  6.56290390E-01  5.57462180E-02  3.15770113E-34  0.00000000E+00  1.67774866E-08  0.00000000E+00  0.00000000E+00  0.00000000E+00  0.00000000E+00  0.00000000E+00  0.00000000E+00
00014  2.47483013E+06  9.99999821E-01 -1.49066347E-01 -4.77864553E-02  3.74831614E+00  7.12728312E+00  4.89330108E+00  1.61509334E+01 -1.72946174E+00  6.98238057E-01  2.81498970E-01  2.65926962E-03  2.09299572E-03  1.00996125E-02  1.90584456E+03  1.24346583E+07  1.46670537E+10  6.56204880E-01  5.57472321E-02  3.17763719E-34  0.00000000E+00  1.67817336E-08  0.00000000E+00  0.00000000E+00  0.00000000E+00  0.00000000E+00  0.00000000E+00  0.00000000E+00
00015  3.00979616E+06  9.99999781E-01 -1.49087443E-01 -4.77911374E-02  3.74831320E+00  7.12730681E+00  4.89320595E+00  1.61508522E+01 -1.72979571E+00  6.98213764E-01  2.81521055E-01  2.64601738E-03  2.10845747E-03  1.00996116E-02  1.90581378E+03  1.24353954E+07  1.46677656E+10  6.56116978E-01  5.54663289E-02  3.16838821E-34  0.00000000E+00  1.67840147E-08  0.00000000E+00  0.00000000E+00  0.00000000E+00  0.00000000E+00  0.00000000E+00  0.00000000E+00
00016  3.65175539E+06  9.99999734E-01 -1.49115460E-01 -4.77982762E-02  3.74830977E+00  7.12731248E+00  4.89316946E+00  1.61508102E+01 -1.72992448E+00  6.98183086E-01  2.81547765E-01  2.62221256E-03  2.13623113E-03  1.00996101E-02  1.90576683E+03  1.24364009E+07  1.46687112E+10  6.56052120E-01  5.50040206E-02  3.14152301E-34  0.00000000E+00  1.67842544E-08  0.00000000E+00  0.00000000E+00  0.00000000E+00  0.00000000E+00  0.00000000E+00  0.00000000E+00
00017  4.42210647E+06  9.99999677E-01 -1.49138113E-01 -4.78048977E-02  3.74830742E+00  7.12730426E+00  4.89321072E+00  1.61508307E+01 -1.72981694E+00  6.98145278E-01  2.81580048E-01  2.58905938E-03  2.17491176E-03  1.00996079E-02  1.90572330E+03  1.24372378E+07  1.46694755E+10  6.56049160E-01  5.43732295E-02  3.09966441E-34  0.00000000E+00  1.67827118E-08  0.00000000E+00  0.00000000E+00  0.00000000E+00  0.00000000E+00  0.00000000E+00  0.00000000E+00
00018  5.34652777E+06  9.99999609E-01 -1.49135133E-01 -4.78057741E-02  3.74830860E+00  7.12728762E+00  4.89335191E+00  1.61509410E+01 -1.72943992E+00  6.98099083E-01  2.81619085E-01  2.54610915E-03  2.22502284E-03  1.00996050E-02  1.90571760E+03  1.24371759E+07  1.46693738E+10  6.56163370E-01  5.35765599E-02  3.04423906E-34  0.00000000E+00  1.67802085E-08  0.00000000E+00  0.00000000E+00  0.00000000E+00  0.00000000E+00  0.00000000E+00  0.00000000E+00
00019  6.45583332E+06  9.99999527E-01 -1.49065456E-01 -4.77907936E-02  3.74831853E+00  7.12727168E+00  4.89361171E+00  1.61511688E+01 -1.72878195E+00  6.98043373E-01  2.81666120E-01  2.49405701E-03  2.28575339E-03  1.00996016E-02  1.90581628E+03  1.24347497E+07  1.46670193E+10  6.56467605E-01  5.26417778E-02  2.97911610E-34  0.00000000E+00  1.67784483E-08  0.00000000E+00  0.00000000E+00  0.00000000E+00  0.00000000E+00  0.00000000E+00  0.00000000E+00
00020  7.78699998E+06  9.99999428E-01 -1.48885007E-01 -4.77503749E-02  3.74834343E+00  7.12726873E+00  4.89400408E+00  1.61515396E+01 -1.72785515E+00  6.97976375E-01  2.81722814E-01  2.43222870E-03  2.35789014E-03  1.00995973E-02  1.90608245E+03  1.24284249E+07  1.46609250E+10  6.57049737E-01  5.15802933E-02  2.90718580E-34  0.00000000E+00  1.67799097E-08  0.00000000E+00  0.00000000E+00  0.00000000E+00  0.00000000E+00  0.00000000E+00  0.00000000E+00
00021  9.38439998E+06  9.99999310E-01 -1.48564759E-01 -4.76816228E-02  3.74838912E+00  7.12728893E+00  4.89454437E+00  1.61520782E+01 -1.72666097E+00  6.97895427E-01  2.81791486E-01  2.35856868E-03  2.44383141E-03  1.00995921E-02  1.90653524E+03  1.24172948E+07  1.46501163E+10  6.58004362E-01  5.03810931E-02  2.83099706E-34  0.00000000E+00  1.67873777E-08  0.00000000E+00  0.00000000E+00  0.00000000E+00  0.00000000E+00  0.00000000E+00  0.00000000E+00
00022  1.13012800E+07  9.99999168E-01 -1.48109770E-01 -4.75913211E-02  3.74845771E+00  7.12734294E+00  4.89523691E+00  1.61527985E+01 -1.72522940E+00  6.97798129E-01  2.81874387E-01  2.27218325E-03  2.54461998E-03  1.00995857E-02  1.90713010E+03  1.24017101E+07  1.46347740E+10  6.59410671E-01  4.90435721E-02  2.74732583E-34  0.00000000E+00  1.68034526E-08  0.00000000E+00  0.00000000E+00  0.00000000E+00  0.00000000E+00  0.00000000E+00  0.00000000E+00
00023  1.36015360E+07  9.99998997E-01 -1.47552839E-01 -4.74935587E-02  3.74854807E+00  7.12743479E+00  4.89608781E+00  1.61537096E+01 -1.72356257E+00  6.97680773E-01  2.81974837E-01  2.17074014E-03  2.66297713E-03  1.00995779E-02  1.90777433E+03  1.23830246E+07  1.46160162E+10  6.61319983E-01  4.75315054E-02  2.65550326E-34  0.00000000E+00  1.68297856E-08  0.00000000E+00  0.00000000E+00  0.00000000E+00  0.00000000E+00  0.00000000E+00  0.00000000E+00
00024  1.63618432E+07  9.99998792E-01 -1.46934111E-01 -4.74018535E-02  3.74865690E+00  7.12756248E+00  4.89710578E+00  1.61548169E+01 -1.72163437E+00  6.97539178E-01  2.82096715E-01  2.05243093E-03  2.80101302E-03  1.00995682E-02  1.90837888E+03  1.23627795E+07  1.45952050E+10  6.63750993E-01  4.58010137E-02  2.55110943E-34  0.00000000E+00  1.68667836E-08  0.00000000E+00  0.00000000E+00  0.00000000E+00  0.00000000E+00  0.00000000E+00  0.00000000E+00
00025  1.96742118E+07  9.99998546E-01 -1.46272479E-01 -4.73212090E-02  3.74878198E+00  7.12771910E+00  4.89831289E+00  1.61561337E+01 -1.71936924E+00  6.97367325E-01  2.82245513E-01  1.91409161E-03  2.96241955E-03  1.00995561E-02  1.90891075E+03  1.23416616E+07  1.45729831E+10  6.66713030E-01  4.37833019E-02  2.42646417E-34  0.00000000E+00  1.69139987E-08  0.00000000E+00  0.00000000E+00  0.00000000E+00  0.00000000E+00  0.00000000E+00  0.00000000E+00
00026  2.36490542E+07  9.99998250E-01 -1.45560955E-01 -4.72474872E-02  3.74892300E+00  7.12789882E+00  4.89973001E+00  1.61576735E+01 -1.71669826E+00  6.97159390E-01  2.82426995E-01  1.75536580E-03  3.14761307E-03  1.00995408E-02  1.90939715E+03  1.23193595E+07  1.45491227E+10  6.70211447E-01  4.14481876E-02  2.27717383E-34  0.00000000E+00  1.69709509E-08  0.00000000E+00  0.00000000E+00  0.00000000E+00  0.00000000E+00  0.00000000E+00  0.00000000E+00
00027  2.84188650E+07  9.99997894E-01 -1.44773718E-01 -4.71711957E-02  3.74908167E+00  7.12809312E+00  4.90139161E+00  1.61594598E+01 -1.71351138E+00  6.96906443E-01  2.82649768E-01  1.57430613E-03  3.35886648E-03  1.00995213E-02  1.90990069E+03  1.22948799E+07  1.45227685E+10  6.74271199E-01  3.87516349E-02  2.09628651E-34  0.00000000E+00  1.70375187E-08  0.00000000E+00  0.00000000E+00  0.00000000E+00  0.00000000E+00  0.00000000E+00  0.00000000E+00
00028  3.41426380E+07  9.99997466E-01 -1.43891012E-01 -4.70841974E-02  3.74925884E+00  7.12829385E+00  4.90331761E+00  1.61615016E+01 -1.70973537E+00  6.96599236E-01  2.82923424E-01  1.37297644E-03  3.59377319E-03  1.00994963E-02  1.91047507E+03  1.22674477E+07  1.44932747E+10  6.78899314E-01  3.57103577E-02  1.88215017E-34  0.00000000E+00  1.71138276E-08  0.00000000E+00  0.00000000E+00  0.00000000E+00  0.00000000E+00  0.00000000E+00  0.00000000E+00
00029  4.10111656E+07  9.99996951E-01 -1.42901913E-01 -4.69801836E-02  3.74945411E+00  7.12848546E+00  4.90553278E+00  1.61638036E+01 -1.70526173E+00  6.96222633E-01  2.83263111E-01  1.15146263E-03  3.85223533E-03  1.00994631E-02  1.91116202E+03  1.22365970E+07  1.44602966E+10  6.84084914E-01  3.23363127E-02  1.63049561E-34  0.00000000E+00  1.71998660E-08  0.00000000E+00  0.00000000E+00  0.00000000E+00  0.00000000E+00  0.00000000E+00  0.00000000E+00
00030  4.92533987E+07  9.99996332E-01 -1.41695096E-01 -4.68920676E-02  3.74971176E+00  7.12865360E+00  4.90804310E+00  1.61663509E+01 -1.70003488E+00  6.95756631E-01  2.83689443E-01  9.13416301E-04  4.12999640E-03  1.00994177E-02  1.91174435E+03  1.22001504E+07  1.44201612E+10  6.89842782E-01  2.87320850E-02  1.34719675E-34  0.00000000E+00  1.72975626E-08  0.00000000E+00  0.00000000E+00  0.00000000E+00  0.00000000E+00  0.00000000E+00  0.00000000E+00
00031  5.91440784E+07  9.99995587E-01 -1.40421745E-01 -4.68196557E-02  3.74999389E+00  7.12875249E+00  4.91081485E+00  1.61690538E+01 -1.69398795E+00  6.95169581E-01  2.84234970E-01  6.64233085E-04  4.42076961E-03  1.00993511E-02  1.91222326E+03  1.21623858E+07  1.43779325E+10  6.95929662E-01  2.50598553E-02  1.03714004E-34  0.00000000E+00  1.77460833E-08  0.00000000E+00  0.00000000E+00  0.00000000E+00  0.00000000E+00  0.00000000E+00  0.00000000E+00
00032  7.10128941E+07  9.99994690E-01 -1.39167470E-01 -4.67400411E-02  3.75026765E+00  7.12866410E+00  4.91386574E+00  1.61717639E+01 -1.68673306E+00  6.94315614E-01  2.85038982E-01  3.64366714E-04  4.77076513E-03  1.00991775E-02  1.91275001E+03  1.21250659E+07  1.43364550E+10  7.01952626E-01  2.15671450E-02  7.19099883E-35  0.00000000E+00  1.78586726E-08  0.00000000E+00  0.00000000E+00  0.00000000E+00  0.00000000E+00  0.00000000E+00  0.00000000E+00
00033  8.52554730E+07  9.99993612E-01 -1.38026553E-01 -4.66552182E-02  3.75051047E+00  7.12874196E+00  4.91648455E+00  1.61741536E+01 -1.68123348E+00  6.93317585E-01  2.86007354E-01  1.86273991E-04  4.97871798E-03  1.00989741E-02  1.91331149E+03  1.20908666E+07  1.42988263E+10  7.07334027E-01  1.86478999E-02  4.89704142E-35  0.00000000E+00  1.79686342E-08  0.00000000E+00  0.00000000E+00  0.00000000E+00  0.00000000E+00  0.00000000E+00  0.00000000E+00
00034  1.02346568E+08  9.99992315E-01 -1.36984433E-01 -4.65467916E-02  3.75071678E+00  7.12897797E+00  4.91868948E+00  1.61762186E+01 -1.67744215E+00  6.92134286E-01  2.87174728E-01  9.05379039E-05  5.09062604E-03  1.00987271E-02  1.91402939E+03  1.20588462E+07  1.42645379E+10  7.11958141E-01  1.62185946E-02  3.32291340E-35  0.00000000E+00  1.80806417E-08  0.00000000E+00  0.00000000E+00  0.00000000E+00  0.00000000E+00  0.00000000E+00  0.00000000E+00
00035  1.22855881E+08  9.99990755E-01 -1.35983308E-01 -4.64054584E-02  3.75089640E+00  7.12932521E+00  4.92063044E+00  1.61780482E+01 -1.67484950E+00  6.90719786E-01  2.88581609E-01  4.45968030E-05  5.14448979E-03  1.00984234E-02  1.91496544E+03  1.20271283E+07  1.42316713E+10  7.15960518E-01  1.41973698E-02  2.25559842E-35  0.00000000E+00  1.81978176E-08  0.00000000E+00  0.00000000E+00  0.00000000E+00  0.00000000E+00  0.00000000E+00  0.00000000E+00
00036  1.47467057E+08  9.99988878E-01 -1.34970459E-01 -4.62265162E-02  3.75106014E+00  7.12975320E+00  4.92245915E+00  1.61797475E+01 -1.67300550E+00  6.89021568E-01  2.90276634E-01  2.51580742E-05  5.16749533E-03  1.00980499E-02  1.91615114E+03  1.19941237E+07  1.41984927E+10  7.19541943E-01  1.25037583E-02  1.56599366E-35  0.00000000E+00  1.83244568E-08  0.00000000E+00  0.00000000E+00  0.00000000E+00  0.00000000E+00  0.00000000E+00  0.00000000E+00
00037  1.77000469E+08  9.99986620E-01 -1.33897983E-01 -4.60045274E-02  3.75121726E+00  7.13024626E+00  4.92431005E+00  1.61814161E+01 -1.67156214E+00  6.86978783E-01  2.92318283E-01  1.79979974E-05  5.17625138E-03  1.00975897E-02  1.91762302E+03  1.19583730E+07  1.41634412E+10  7.22896107E-01  1.10648165E-02  1.13216716E-35  0.00000000E+00  1.84656031E-08  0.00000000E+00  0.00000000E+00  0.00000000E+00  0.00000000E+00  0.00000000E+00  0.00000000E+00
00038  2.12440562E+08  9.99983903E-01 -1.32719347E-01 -4.57317009E-02  3.75137551E+00  7.13080193E+00  4.92629885E+00  1.61831436E+01 -1.67027268E+00  6.84519798E-01  2.94776963E-01  1.57423238E-05  5.17938061E-03  1.00970211E-02  1.91943348E+03  1.19184087E+07  1.41250167E+10  7.26191090E-01  9.82203482E-03  8.63786377E-36  0.00000000E+00  1.86269485E-08  0.00000000E+00  0.00000000E+00  0.00000000E+00  0.00000000E+00  0.00000000E+00  0.00000000E+00
00039  2.54968675E+08  9.99980632E-01 -1.31388672E-01 -4.53979620E-02  3.75154131E+00  7.13142720E+00  4.92852657E+00  1.61850093E+01 -1.66897018E+00  6.81559243E-01  2.97737510E-01  1.51622519E-05  5.18067450E-03  1.00963157E-02  1.92165041E+03  1.18727417E+07  1.40817579E+10  7.29568839E-01  8.73370595E-03  7.14416725E-36  0.00000000E+00  1.91701088E-08  0.00000000E+00  0.00000000E+00  0.00000000E+00  0.00000000E+00  0.00000000E+00  0.00000000E+00
00040  3.06002410E+08  9.99976691E-01 -1.29858094E-01 -4.49899684E-02  3.75171996E+00  7.13213593E+00  4.93108907E+00  1.61870877E+01 -1.66753684E+00  6.77994635E-01  3.01302212E-01  1.50706772E-05  5.18155061E-03  1.00954365E-02  1.92436403E+03  1.18197699E+07  1.40321618E+10  7.33153330E-01  7.77269076E-03  6.17371182E-36  0.00000000E+00  1.93948527E-08  0.00000000E+00  0.00000000E+00  0.00000000E+00  0.00000000E+00  0.00000000E+00  0.00000000E+00
00041  3.67242892E+08  9.99971940E-01 -1.28074520E-01 -4.44905117E-02  3.75191612E+00  7.13294767E+00  4.93408672E+00  1.61894558E+01 -1.66587891E+00  6.73702478E-01  3.05594512E-01  1.51038972E-05  5.18247546E-03  1.00943352E-02  1.92769112E+03  1.17576862E+07  1.39745858E+10  7.37062861E-01  6.92280990E-03  5.66855019E-36  0.00000000E+00  1.96630972E-08  0.00000000E+00  0.00000000E+00  0.00000000E+00  0.00000000E+00  0.00000000E+00  0.00000000E+00
00042  4.40731470E+08  9.99966207E-01 -1.25976693E-01 -4.38782142E-02  3.75213443E+00  7.13388760E+00  4.93763302E+00  1.61921994E+01 -1.66390866E+00  6.68533633E-01  3.10763542E-01  1.51707415E-05  5.18361287E-03  1.00929462E-02  1.93177765E+03  1.16844093E+07  1.39071657E+10  7.41421705E-01  6.17520622E-03  5.61955406E-36  0.00000000E+00  1.99862333E-08  0.00000000E+00  0.00000000E+00  0.00000000E+00  0.00000000E+00  0.00000000E+00  0.00000000E+00
00043  5.28917764E+08  9.99959283E-01 -1.23493337E-01 -4.31263762E-02  3.75237935E+00  7.13498638E+00  4.94186085E+00  1.61954172E+01 -1.66153290E+00  6.62307741E-01  3.16989669E-01  1.52541833E-05  5.18506035E-03  1.00911807E-02  1.93680723E+03  1.15975313E+07  1.38277738E+10  7.46369315E-01  5.52540125E-03  5.79664244E-36  0.00000000E+00  2.03785436E-08  0.00000000E+00  0.00000000E+00  0.00000000E+00  0.00000000E+00  0.00000000E+00  0.00000000E+00
00044  6.34741317E+08  9.99950910E-01 -1.20538777E-01 -4.22002572E-02  3.75265493E+00  7.13628241E+00  4.94693238E+00  1.61992297E+01 -1.65864233E+00  6.54806258E-01  3.24491452E-01  1.53541814E-05  5.18692946E-03  1.00889111E-02  1.94302056E+03  1.14941696E+07  1.37339060E+10  7.52071114E-01  4.97137336E-03  6.33345192E-36  0.00000000E+00  2.12260671E-08  0.00000000E+00  0.00000000E+00  0.00000000E+00  0.00000000E+00  0.00000000E+00  0.00000000E+00
00045  7.61729581E+08  9.99940767E-01 -1.17009703E-01 -4.10561172E-02  3.75296513E+00  7.13782331E+00  4.95304725E+00  1.62037852E+01 -1.65510395E+00  6.45763793E-01  3.33534307E-01  1.54745534E-05  5.18937270E-03  1.00859583E-02  1.95072391E+03  1.13709193E+07  1.36226184E+10  7.58729179E-01  4.51230933E-03  7.38178655E-36  0.00000000E+00  2.18240318E-08  0.00000000E+00  0.00000000E+00  0.00000000E+00  0.00000000E+00  0.00000000E+00  0.00000000E+00
00046  9.14115497E+08  9.99928455E-01 -1.12781748E-01 -3.96369196E-02  3.75331252E+00  7.13966811E+00  4.96045415E+00  1.62092673E+01 -1.65075035E+00  6.34857171E-01  3.44441441E-01  1.56207728E-05  5.19261706E-03  1.00820555E-02  1.96032139E+03  1.12237434E+07  1.34904764E+10  7.66591717E-01  4.14859691E-03  9.06885560E-36  0.00000000E+00  2.25667834E-08  0.00000000E+00  0.00000000E+00  0.00000000E+00  0.00000000E+00  0.00000000E+00  0.00000000E+00
00047  1.09697860E+09  9.99913475E-01 -1.07686651E-01 -3.78815662E-02  3.75370862E+00  7.14189436E+00  4.96946964E+00  1.62159140E+01 -1.64537216E+00  6.21691341E-01  3.57607959E-01  1.58004173E-05  5.19701034E-03  1.00767951E-02  1.97225725E+03  1.10477609E+07  1.33329326E+10  7.75997218E-01  3.88311290E-03  1.17685615E-35  0.00000000E+00  2.38816441E-08  0.00000000E+00  0.00000000E+00  0.00000000E+00  0.00000000E+00  0.00000000E+00  0.00000000E+00
00048  1.31641432E+09  9.99895190E-01 -1.01178106E-01 -3.59651317E-02  3.75437754E+00  7.14465517E+00  4.98051946E+00  1.62241022E+01 -1.63884948E+00  6.05773660E-01  3.73526587E-01  1.60278053E-05  5.20311342E-03  1.00695168E-02  1.98537333E+03  1.08351120E+07  1.31343685E+10  7.87967697E-01  3.73310761E-03  1.64678081E-35  0.00000000E+00  2.50978518E-08  0.00000000E+00  0.00000000E+00  0.00000000E+00  0.00000000E+00  0.00000000E+00  0.00000000E+00
00049  1.54898087E+09  9.99875449E-01 -9.42346845E-02 -3.38055184E-02  3.75503358E+00  7.14763343E+00  4.99250253E+00  1.62329745E+01 -1.63166363E+00  5.88768269E-01  3.90533144E-01  1.62800964E-05  5.21068136E-03  1.00605307E-02  2.00025742E+03  1.06099472E+07  1.29257932E+10  8.00840283E-01  3.69601693E-03  2.37157057E-35  0.00000000E+00  2.68617962E-08  0.00000000E+00  0.00000000E+00  0.00000000E+00  0.00000000E+00  0.00000000E+00  0.00000000E+00
00050  1.77002222E+09  9.99856347E-01 -8.76008939E-02 -3.16188235E-02  3.75559868E+00  7.15051586E+00  5.00416026E+00  1.62416003E+01 -1.62456154E+00  5.72479199E-01  4.06823493E-01  1.65314610E-05  5.21904774E-03  1.00506342E-02  2.01544096E+03  1.03962363E+07  1.27296105E+10  8.13252903E-01  3.74694325E-03  3.37410944E-35  0.00000000E+00  2.82479336E-08  0.00000000E+00  0.00000000E+00  0.00000000E+00  0.00000000E+00  0.00000000E+00  0.00000000E+00
00051  1.97990273E+09  9.99837891E-01 -8.12876282E-02 -2.94185200E-02  3.75607685E+00  7.15330015E+00  5.01548032E+00  1.62499691E+01 -1.61756000E+00  5.56895261E-01  4.22408825E-01  1.67813930E-05  5.22823114E-03  1.00398074E-02  2.03083456E+03  1.01940448E+07  1.25456692E+10  8.25185393E-01  3.86277846E-03  4.73732945E-35  0.00000000E+00  3.00569967E-08  0.00000000E+00  0.00000000E+00  0.00000000E+00  0.00000000E+00  0.00000000E+00  0.00000000E+00
00052  2.18690941E+09  9.99819368E-01 -7.50471407E-02 -2.71342967E-02  3.75649486E+00  7.15609533E+00  5.02689644E+00  1.62584033E+01 -1.61040174E+00  5.41406838E-01  4.37898829E-01  1.70399673E-05  5.23869753E-03  1.00275011E-02  2.04693901E+03  9.99552791E+06  1.23664572E+10  8.37101337E-01  4.03912497E-03  6.65021514E-35  0.00000000E+00  3.15305942E-08  0.00000000E+00  0.00000000E+00  0.00000000E+00  0.00000000E+00  0.00000000E+00  0.00000000E+00
00053  2.39397010E+09  9.99800507E-01 -6.85584537E-02 -2.49353339E-02  3.75701755E+00  7.15898227E+00  5.03858853E+00  1.62670753E+01 -1.60310219E+00  5.25784685E-01  4.53522807E-01  1.73153607E-05  5.25084780E-03  1.00132495E-02  2.06256405E+03  9.79719385E+06  1.21828366E+10  8.49606308E-01  4.28597517E-03  9.41949828E-35  0.00000000E+00  3.35409065E-08  0.00000000E+00  0.00000000E+00  0.00000000E+00  0.00000000E+00  0.00000000E+00  0.00000000E+00
00054  2.59545554E+09  9.99781826E-01 -6.20419966E-02 -2.28210218E-02  3.75758951E+00  7.16187739E+00  5.05023874E+00  1.62757417E+01 -1.59584425E+00  5.10449473E-01  4.68860070E-01  1.76003347E-05  5.26454002E-03  9.99722173E-03  2.07770062E+03  9.60405641E+06  1.20011772E+10  8.62304730E-01  4.59670061E-03  1.33269168E-34  0.00000000E+00  3.56299580E-08  0.00000000E+00  0.00000000E+00  0.00000000E+00  0.00000000E+00  0.00000000E+00  0.00000000E+00
00055  2.78929645E+09  9.99763539E-01 -5.57511042E-02 -2.06620826E-02  3.75808276E+00  7.16471797E+00  5.06170654E+00  1.62842681E+01 -1.58861828E+00  4.95570026E-01  4.83741782E-01  1.78866344E-05  5.27972973E-03  9.97948033E-03  2.09327048E+03  9.41865703E+06  1.18283730E+10  8.74706973E-01  4.96047631E-03  1.87005610E-34  0.00000000E+00  3.73369015E-08  0.00000000E+00  0.00000000E+00  0.00000000E+00  0.00000000E+00  0.00000000E+00  0.00000000E+00
00056  2.97995906E+09  9.99745235E-01 -4.95424753E-02 -1.84181578E-02  3.75851296E+00  7.16756687E+00  5.07324477E+00  1.62928411E+01 -1.58126888E+00  4.80808159E-01  4.98506206E-01  1.81834360E-05  5.29693707E-03  9.95941906E-03  2.10957618E+03  9.23677844E+06  1.16602653E+10  8.87073156E-01  5.38727664E-03  2.62164390E-34  0.00000000E+00  3.95551460E-08  0.00000000E+00  0.00000000E+00  0.00000000E+00  0.00000000E+00  0.00000000E+00  0.00000000E+00
00057  3.16956154E+09  9.99726708E-01 -4.33501270E-02 -1.60708345E-02  3.75888738E+00  7.17045803E+00  5.08498470E+00  1.63015585E+01 -1.57371883E+00  4.65996472E-01  5.13320816E-01  1.84972334E-05  5.31666241E-03  9.93645742E-03  2.12676851E+03  9.05659108E+06  1.14949751E+10  8.99526214E-01  5.88858884E-03  3.68693022E-34  0.00000000E+00  4.14422911E-08  0.00000000E+00  0.00000000E+00  0.00000000E+00  0.00000000E+00  0.00000000E+00  0.00000000E+00
00058  3.35729449E+09  9.99708036E-01 -3.72066497E-02 -1.36333288E-02  3.75920450E+00  7.17337945E+00  5.09688009E+00  1.63103829E+01 -1.56599733E+00  4.51194202E-01  5.28126414E-01  1.88286320E-05  5.33918393E-03  9.91027668E-03  2.14476906E+03  8.87907148E+06  1.13333016E+10  9.11992409E-01  6.47092162E-03  5.19481786E-34  0.00000000E+00  4.38692023E-08  0.00000000E+00  0.00000000E+00  0.00000000E+00  0.00000000E+00  0.00000000E+00  0.00000000E+00
00059  3.54213729E+09  9.99689319E-01 -3.07757887E-02 -1.14591319E-02  3.75972512E+00  7.17637742E+00  5.10887939E+00  1.63193338E+01 -1.55835552E+00  4.36468057E-01  5.42856338E-01  1.91833545E-05  5.36481531E-03  9.88051066E-03  2.16095586E+03  8.70454817E+06  1.11665098E+10  9.25139730E-01  7.16166726E-03  7.36845009E-34  0.00000000E+00  4.59853497E-08  0.00000000E+00  0.00000000E+00  0.00000000E+00  0.00000000E+00  0.00000000E+00  0.00000000E+00
00060  3.71808305E+09  9.99671193E-01 -2.46230571E-02 -9.28414674E-03  3.76017581E+00  7.17929665E+00  5.12056875E+00  1.63280453E+01 -1.55087599E+00  4.22303967E-01  5.57024559E-01  1.95460561E-05  5.39288090E-03  9.84795209E-03  2.17727012E+03  8.53891650E+06  1.10092275E+10  9.37842206E-01  7.92766659E-03  1.03424707E-33  0.00000000E+00  4.85780107E-08  0.00000000E+00  0.00000000E+00  0.00000000E+00  0.00000000E+00  0.00000000E+00  0.00000000E+00
00061  3.88962452E+09  9.99653214E-01 -1.86076170E-02 -7.04529775E-03  3.76056024E+00  7.18220225E+00  5.13223151E+00  1.63367232E+01 -1.54335760E+00  4.08348417E-01  5.70984722E-01  1.99250556E-05  5.42428627E-03  9.81155490E-03  2.19419131E+03  8.37785531E+06  1.08575939E+10  9.50348671E-01  8.79132359E-03  1.44794310E-33  0.00000000E+00  5.07915371E-08  0.00000000E+00  0.00000000E+00  0.00000000E+00  0.00000000E+00  0.00000000E+00  0.00000000E+00
00062  4.06034558E+09  9.99635006E-01 -1.26041325E-02 -4.70348384E-03  3.76089021E+00  7.18515306E+00  5.14411498E+00  1.63455517E+01 -1.53562397E+00  3.94314843E-01  5.85023550E-01  2.03268431E-05  5.46013051E-03  9.77005436E-03  2.21203079E+03  8.21810596E+06  1.07083412E+10  9.62900993E-01  9.78407732E-03  2.03543100E-33  0.00000000E+00  5.31214282E-08  0.00000000E+00  0.00000000E+00  0.00000000E+00  0.00000000E+00  0.00000000E+00  0.00000000E+00
00063  4.22989604E+09  9.99616602E-01 -6.62937157E-03 -2.26652615E-03  3.76116542E+00  7.18814554E+00  5.15620153E+00  1.63545170E+01 -1.52768977E+00  3.80228539E-01  5.99115828E-01  2.07571811E-05  5.50094649E-03  9.72283374E-03  2.23074846E+03  8.06016675E+06  1.05618366E+10  9.75446028E-01  1.09228793E-02  2.87129991E-33  0.00000000E+00  5.60501723E-08  0.00000000E+00  0.00000000E+00  0.00000000E+00  0.00000000E+00  0.00000000E+00  0.00000000E+00
00064  4.39681300E+09  9.99598163E-01 -7.04642980E-04  2.01447581E-04  3.76141261E+00  7.19116028E+00  5.16839011E+00  1.63635472E+01 -1.51964417E+00  3.66206993E-01  6.13144105E-01  2.12175057E-05  5.54698359E-03  9.66960615E-03  2.24986556E+03  7.90560848E+06  1.04185362E+10  9.87918596E-01  1.22203247E-02  4.05566939E-33  0.00000000E+00  5.86136614E-08  0.00000000E+00  0.00000000E+00  0.00000000E+00  0.00000000E+00  0.00000000E+00  0.00000000E+00
00065  4.56021189E+09  9.99579795E-01  5.41789441E-03  2.41356253E-03  3.76183719E+00  7.19422809E+00  5.18061413E+00  1.63726331E+01 -1.51171625E+00  3.52314419E-01  6.27044225E-01  2.17134083E-05  5.59864900E-03  9.60989876E-03  2.26714204E+03  7.75505154E+06  1.02725009E+10  1.00083377E+00  1.37193613E-02  5.75373741E-33  0.00000000E+00  6.18031144E-08  0.00000000E+00  0.00000000E+00  0.00000000E+00  0.00000000E+00  0.00000000E+00  0.00000000E+00
00066  4.71603842E+09  9.99561978E-01  1.12662351E-02  4.63670085E-03  3.76218771E+00  7.19721646E+00  5.19255932E+00  1.63814907E+01 -1.50390773E+00  3.38905237E-01  6.40461605E-01  2.22290204E-05  5.65483504E-03  9.54499866E-03  2.28463754E+03  7.61198155E+06  1.01349149E+10  1.01318727E+00  1.53683660E-02  8.08583749E-33  0.00000000E+00  6.45369183E-08  0.00000000E+00  0.00000000E+00  0.00000000E+00  0.00000000E+00  0.00000000E+00  0.00000000E+00
00067  4.86837666E+09  9.99544263E-01  1.69941478E-02  6.92110129E-03  3.76247748E+00  7.20019856E+00  5.20452497E+00  1.63903399E+01 -1.49601796E+00  3.25635048E-01  6.53740904E-01  2.27790380E-05  5.71732052E-03  9.47285333E-03  2.30275512E+03  7.47257049E+06  1.00019458E+10  1.02525229E+00  1.72221902E-02  1.13533012E-32  0.00000000E+00  6.78542286E-08  0.00000000E+00  0.00000000E+00  0.00000000E+00  0.00000000E+00  0.00000000E+00  0.00000000E+00
00068  5.00000000E+09  9.99528729E-01  2.19453869E-02  8.98496021E-03  3.76268336E+00  7.20282277E+00  5.21509958E+00  1.63981406E+01 -1.48897931E+00  3.14044398E-01  6.65340345E-01  2.32939074E-05  5.77765803E-03  9.40320968E-03  2.31924656E+03  7.35260819E+06  9.88841095E+09  1.03562103E+00  1.90457574E-02  1.53025643E-32  0.00000000E+00  7.04183418E-08  0.00000000E+00  0.00000000E+00  0.00000000E+00  0.00000000E+00  0.00000000E+00  0.00000000E+00
