00000  0.00000000E+00  5.10000000E-01 -1.43167860E+00 -3.40390085E-01  3.57396489E+00  6.93533718E+00  4.83325744E+00  1.58904409E+01 -1.18141567E+00  6.68406964E-01  3.01425272E-01  5.30771373E-03  1.59790746E-03  1.51461173E-02  9.71397330E+02  1.21615869E+08  1.43392155E+11  3.76664496E-02  7.24278263E-06  0.00000000E+00  0.00000000E+00  0.00000000E+00  0.00000000E+00  0.00000000E+00  0.00000000E+00  0.00000000E+00  0.00000000E+00  0.00000000E+00
00001  5.00000000E+04  5.10000000E-01 -1.41537132E+00 -3.30128936E-01  3.57291113E+00  6.93754972E+00  4.83375158E+00  1.58931069E+01 -1.18857234E+00  6.68406610E-01  3.01425626E-01  5.30771130E-03  1.59791030E-03  1.51461173E-02  1.00644171E+03  1.14398891E+08  1.38107768E+11  3.83418409E-02  8.01123231E-06  0.00000000E+00  0.00000000E+00  0.00000000E+00  0.00000000E+00  0.00000000E+00  0.00000000E+00  0.00000000E+00  0.00000000E+00  0.00000000E+00
00002  1.00000000E+05  5.10000000E-01 -1.41536882E+00 -3.30128894E-01  3.57291174E+00  6.93754737E+00  4.83374795E+00  1.58931008E+01 -1.18857282E+00  6.68406256E-01  3.01425979E-01  5.30770885E-03  1.59791316E-03  1.51461173E-02  1.00644186E+03  1.14398222E+08  1.38106974E+11  3.83416856E-02  8.01060429E-06  0.00000000E+00  0.00000000E+00  0.00000000E+00  0.00000000E+00  0.00000000E+00  0.00000000E+00  0.00000000E+00  0.00000000E+00  0.00000000E+00
00003  1.60000000E+05  5.09999999E-01 -1.41536999E+00 -3.30129263E-01  3.57291163E+00  6.93754747E+00  4.83374819E+00  1.58931010E+01 -1.18857286E+00  6.68405831E-01  3.01426404E-01  5.30770591E-03  1.59791659E-03  1.51461173E-02  1.00644058E+03  1.14398627E+08  1.38107345E+11  3.83417019E-02  8.01063241E-06  0.00000000E+00  0.00000000E+00  0.00000000E+00  0.00000000E+00  0.00000000E+00  0.00000000E+00  0.00000000E+00  0.00000000E+00  0.00000000E+00
00004  2.32000000E+05  5.09999998E-01 -1.41537091E+00 -3.30129552E-01  3.57291155E+00  6.93754758E+00  4.83374848E+00  1.58931012E+01 -1.18857288E+00  6.68405321E-01  3.01426913E-01  5.30770238E-03  1.59792071E-03  1.51461173E-02  1.00643958E+03  1.14398944E+08  1.38107637E+11  3.83417266E-02  8.01066985E-06  0.00000000E+00  0.00000000E+00  0.00000000E+00  0.00000000E+00  0.00000000E+00  0.00000000E+00  0.00000000E+00  0.00000000E+00  0.00000000E+00
00005  3.18400000E+05  5.09999998E-01 -1.41537170E+00 -3.30129805E-01  3.57291147E+00  6.93754772E+00  4.83374885E+00  1.58931015E+01 -1.18857288E+00  6.68404709E-01  3.01427524E-01  5.30769814E-03  1.59792565E-03  1.51461173E-02  1.00643869E+03  1.14399220E+08  1.38107889E+11  3.83417591E-02  8.01071690E-06  0.00000000E+00  0.00000000E+00  0.00000000E+00  0.00000000E+00  0.00000000E+00  0.00000000E+00  0.00000000E+00  0.00000000E+00  0.00000000E+00
00006  4.22080000E+05  5.09999997E-01 -1.41537243E+00 -3.30130038E-01  3.57291141E+00  6.93754789E+00  4.83374930E+00  1.58931019E+01 -1.18857288E+00  6.68403975E-01  3.01428258E-01  5.30769306E-03  1.59793158E-03  1.51461173E-02  1.00643789E+03  1.14399472E+08  1.38108119E+11  3.83418002E-02  8.01077481E-06  0.00000000E+00  0.00000000E+00  0.00000000E+00  0.00000000E+00  0.00000000E+00  0.00000000E+00  0.00000000E+00  0.00000000E+00  0.00000000E+00
00007  5.46496000E+05  5.09999996E-01 -1.41537309E+00 -3.30130258E-01  3.57291135E+00  6.93754810E+00  4.83374984E+00  1.58931023E+01 -1.18857287E+00  6.68403093E-01  3.01429138E-01  5.30768696E-03  1.59793870E-03  1.51461173E-02  1.00643712E+03  1.14399703E+08  1.38108330E+11  3.83418511E-02  8.01084535E-06  0.00000000E+00  0.00000000E+00  0.00000000E+00  0.00000000E+00  0.00000000E+00  0.00000000E+00  0.00000000E+00  0.00000000E+00  0.00000000E+00
00008  6.95795200E+05  5.09999994E-01 -1.41537370E+00 -3.30130467E-01  3.57291130E+00  6.93754835E+00  4.83375049E+00  1.58931029E+01 -1.18857285E+00  6.68402036E-01  3.01430194E-01  5.30767964E-03  1.59794724E-03  1.51461173E-02  1.00643640E+03  1.14399920E+08  1.38108525E+11  3.83419135E-02  8.01093071E-06  0.00000000E+00  0.00000000E+00  0.00000000E+00  0.00000000E+00  0.00000000E+00  0.00000000E+00  0.00000000E+00  0.00000000E+00  0.00000000E+00
00009  8.74954240E+05  5.09999993E-01 -1.41537428E+00 -3.30130669E-01  3.57291126E+00  6.93754865E+00  4.83375128E+00  1.58931035E+01 -1.18857282E+00  6.68400767E-01  3.01431462E-01  5.30767085E-03  1.59795749E-03  1.51461173E-02  1.00643570E+03  1.14400125E+08  1.38108709E+11  3.83419892E-02  8.01103350E-06  0.00000000E+00  0.00000000E+00  0.00000000E+00  0.00000000E+00  0.00000000E+00  0.00000000E+00  0.00000000E+00  0.00000000E+00  0.00000000E+00
00010  1.08994509E+06  5.09999991E-01 -1.41537482E+00 -3.30130862E-01  3.57291122E+00  6.93754901E+00  4.83375223E+00  1.58931043E+01 -1.18857276E+00  6.68399244E-01  3.01432983E-01  5.30766031E-03  1.59796979E-03  1.51461173E-02  1.00643503E+03  1.14400318E+08  1.38108880E+11  3.83420806E-02  8.01115684E-06  0.00000000E+00  0.00000000E+00  0.00000000E+00  0.00000000E+00  0.00000000E+00  0.00000000E+00  0.00000000E+00  0.00000000E+00  0.00000000E+00
00011  1.34793411E+06  5.09999989E-01 -1.41537532E+00 -3.30131046E-01  3.57291119E+00  6.93754943E+00  4.83375338E+00  1.58931053E+01 -1.18857267E+00  6.68397417E-01  3.01434808E-01  5.30764766E-03  1.59798455E-03  1.51461173E-02  1.00643439E+03  1.14400495E+08  1.38109037E+11  3.83421904E-02  8.01130432E-06  0.00000000E+00  0.00000000E+00  0.00000000E+00  0.00000000E+00  0.00000000E+00  0.00000000E+00  0.00000000E+00  0.00000000E+00  0.00000000E+00
00012  1.65752093E+06  5.09999986E-01 -1.41537576E+00 -3.30131222E-01  3.57291117E+00  6.93754994E+00  4.83375476E+00  1.58931064E+01 -1.18857253E+00  6.68395224E-01  3.01436998E-01  5.30763248E-03  1.59800226E-03  1.51461173E-02  1.00643378E+03  1.14400657E+08  1.38109177E+11  3.83423214E-02  8.01147997E-06  0.00000000E+00  0.00000000E+00  0.00000000E+00  0.00000000E+00  0.00000000E+00  0.00000000E+00  0.00000000E+00  0.00000000E+00  0.00000000E+00
00013  2.02902511E+06  5.09999983E-01 -1.41537615E+00 -3.30131386E-01  3.57291115E+00  6.93755054E+00  4.83375642E+00  1.58931078E+01 -1.18857232E+00  6.68392593E-01  3.01439627E-01  5.30761426E-03  1.59802352E-03  1.51461173E-02  1.00643322E+03  1.14400801E+08  1.38109300E+11  3.83424776E-02  8.01168884E-06  0.00000000E+00  0.00000000E+00  0.00000000E+00  0.00000000E+00  0.00000000E+00  0.00000000E+00  0.00000000E+00  0.00000000E+00  0.00000000E+00
00014  2.47483013E+06  5.09999979E-01 -1.41537647E+00 -3.30131536E-01  3.57291115E+00  6.93755125E+00  4.83375842E+00  1.58931094E+01 -1.18857202E+00  6.68389435E-01  3.01442781E-01  5.30759239E-03  1.59804902E-03  1.51461173E-02  1.00643270E+03  1.14400923E+08  1.38109400E+11  3.83426628E-02  8.01193626E-06  0.00000000E+00  0.00000000E+00  0.00000000E+00  0.00000000E+00  0.00000000E+00  0.00000000E+00  0.00000000E+00  0.00000000E+00  0.00000000E+00
00015  3.00979616E+06  5.09999974E-01 -1.41537671E+00 -3.30131668E-01  3.57291115E+00  6.93755209E+00  4.83376083E+00  1.58931114E+01 -1.18857159E+00  6.68385646E-01  3.01446565E-01  5.30756616E-03  1.59807964E-03  1.51461173E-02  1.00643224E+03  1.14401020E+08  1.38109477E+11  3.83428812E-02  8.01222838E-06  0.00000000E+00  0.00000000E+00  0.00000000E+00  0.00000000E+00  0.00000000E+00  0.00000000E+00  0.00000000E+00  0.00000000E+00  0.00000000E+00
00016  3.65175539E+06  5.09999969E-01 -1.41537686E+00 -3.30131778E-01  3.57291117E+00  6.93755307E+00  4.83376372E+00  1.58931137E+01 -1.18857097E+00  6.68381099E-01  3.01451107E-01  5.30753467E-03  1.59811635E-03  1.51461173E-02  1.00643186E+03  1.14401086E+08  1.38109522E+11  3.83431377E-02  8.01257204E-06  0.00000000E+00  0.00000000E+00  0.00000000E+00  0.00000000E+00  0.00000000E+00  0.00000000E+00  0.00000000E+00  0.00000000E+00  0.00000000E+00
00017  4.42210647E+06  5.09999962E-01 -1.41537688E+00 -3.30131861E-01  3.57291121E+00  6.93755422E+00  4.83376719E+00  1.58931165E+01 -1.18857010E+00  6.68375643E-01  3.01456557E-01  5.30749689E-03  1.59816044E-03  1.51461173E-02  1.00643159E+03  1.14401111E+08  1.38109528E+11  3.83434373E-02  8.01297478E-06  0.00000000E+00  0.00000000E+00  0.00000000E+00  0.00000000E+00  0.00000000E+00  0.00000000E+00  0.00000000E+00  0.00000000E+00  0.00000000E+00
00018  5.34652777E+06  5.09999954E-01 -1.41537677E+00 -3.30131907E-01  3.57291126E+00  6.93755555E+00  4.83377136E+00  1.58931198E+01 -1.18856889E+00  6.68369095E-01  3.01463098E-01  5.30745155E-03  1.59821331E-03  1.51461173E-02  1.00643143E+03  1.14401090E+08  1.38109490E+11  3.83437852E-02  8.01344488E-06  0.00000000E+00  0.00000000E+00  0.00000000E+00  0.00000000E+00  0.00000000E+00  0.00000000E+00  0.00000000E+00  0.00000000E+00  0.00000000E+00
00019  6.45583332E+06  5.09999945E-01 -1.41537648E+00 -3.30131909E-01  3.57291133E+00  6.93755710E+00  4.83377636E+00  1.58931237E+01 -1.18856724E+00  6.68361237E-01  3.01470946E-01  5.30739713E-03  1.59827678E-03  1.51461174E-02  1.00643144E+03  1.14401010E+08  1.38109395E+11  3.83441866E-02  8.01399126E-06  0.00000000E+00  0.00000000E+00  0.00000000E+00  0.00000000E+00  0.00000000E+00  0.00000000E+00  0.00000000E+00  0.00000000E+00  0.00000000E+00
00020  7.78699998E+06  5.09999933E-01 -1.41537600E+00 -3.30131850E-01  3.57291142E+00  6.93755889E+00  4.83378237E+00  1.58931283E+01 -1.18856499E+00  6.68351809E-01  3.01480364E-01  5.30733183E-03  1.59835299E-03  1.51461173E-02  1.00643165E+03  1.14400861E+08  1.38109238E+11  3.83446460E-02  8.01462336E-06  0.00000000E+00  0.00000000E+00  0.00000000E+00  0.00000000E+00  0.00000000E+00  0.00000000E+00  0.00000000E+00  0.00000000E+00  0.00000000E+00
00021  9.38439998E+06  5.09999919E-01 -1.41537526E+00 -3.30131714E-01  3.57291154E+00  6.93756095E+00  4.83378957E+00  1.58931337E+01 -1.18856196E+00  6.68340494E-01  3.01491666E-01  5.30725346E-03  1.59844439E-03  1.51461173E-02  1.00643214E+03  1.14400625E+08  1.38109000E+11  3.83451676E-02  8.01535122E-06  0.00000000E+00  0.00000000E+00  0.00000000E+00  0.00000000E+00  0.00000000E+00  0.00000000E+00  0.00000000E+00  0.00000000E+00  0.00000000E+00
00022  1.13012800E+07  5.09999903E-01 -1.41537419E+00 -3.30131472E-01  3.57291169E+00  6.93756331E+00  4.83379820E+00  1.58931401E+01 -1.18855794E+00  6.68326916E-01  3.01505228E-01  5.30715941E-03  1.59855417E-03  1.51461173E-02  1.00643299E+03  1.14400272E+08  1.38108655E+11  3.83457548E-02  8.01618566E-06  0.00000000E+00  0.00000000E+00  0.00000000E+00  0.00000000E+00  0.00000000E+00  0.00000000E+00  0.00000000E+00  0.00000000E+00  0.00000000E+00
00023  1.36015360E+07  5.09999883E-01 -1.41537267E+00 -3.30131091E-01  3.57291187E+00  6.93756600E+00  4.83380854E+00  1.58931476E+01 -1.18855264E+00  6.68310623E-01  3.01521502E-01  5.30704653E-03  1.59868591E-03  1.51461172E-02  1.00643434E+03  1.14399763E+08  1.38108167E+11  3.83464097E-02  8.01713848E-06  0.00000000E+00  0.00000000E+00  0.00000000E+00  0.00000000E+00  0.00000000E+00  0.00000000E+00  0.00000000E+00  0.00000000E+00  0.00000000E+00
00024  1.63618432E+07  5.09999859E-01 -1.41537068E+00 -3.30130518E-01  3.57291209E+00  6.93756908E+00  4.83382093E+00  1.58931565E+01 -1.18854572E+00  6.68291070E-01  3.01541032E-01  5.30691106E-03  1.59884402E-03  1.51461172E-02  1.00643635E+03  1.14399076E+08  1.38107527E+11  3.83471333E-02  8.01822248E-06  0.00000000E+00  0.00000000E+00  0.00000000E+00  0.00000000E+00  0.00000000E+00  0.00000000E+00  0.00000000E+00  0.00000000E+00  0.00000000E+00
00025  1.96742118E+07  5.09999830E-01 -1.41536790E+00 -3.30129689E-01  3.57291237E+00  6.93757258E+00  4.83383577E+00  1.58931669E+01 -1.18853676E+00  6.68267607E-01  3.01564468E-01  5.30674847E-03  1.59903359E-03  1.51461173E-02  1.00643926E+03  1.14398112E+08  1.38106634E+11  3.83479269E-02  8.01945351E-06  0.00000000E+00  0.00000000E+00  0.00000000E+00  0.00000000E+00  0.00000000E+00  0.00000000E+00  0.00000000E+00  0.00000000E+00  0.00000000E+00
00026  2.36490542E+07  5.09999796E-01 -1.41536422E+00 -3.30128513E-01  3.57291270E+00  6.93757656E+00  4.83385355E+00  1.58931792E+01 -1.18852526E+00  6.68239452E-01  3.01592591E-01  5.30655334E-03  1.59926119E-03  1.51461175E-02  1.00644338E+03  1.14396820E+08  1.38105457E+11  3.83487906E-02  8.02084991E-06  0.00000000E+00  0.00000000E+00  0.00000000E+00  0.00000000E+00  0.00000000E+00  0.00000000E+00  0.00000000E+00  0.00000000E+00  0.00000000E+00
00027  2.84188650E+07  5.09999755E-01 -1.41535916E+00 -3.30126885E-01  3.57291315E+00  6.93758112E+00  4.83387490E+00  1.58931937E+01 -1.18851060E+00  6.68205666E-01  3.01626338E-01  5.30631913E-03  1.59953444E-03  1.51461174E-02  1.00644909E+03  1.14395039E+08  1.38103836E+11  3.83497309E-02  8.02243843E-06  0.00000000E+00  0.00000000E+00  0.00000000E+00  0.00000000E+00  0.00000000E+00  0.00000000E+00  0.00000000E+00  0.00000000E+00  0.00000000E+00
00028  3.41426380E+07  5.09999705E-01 -1.41535260E+00 -3.30124672E-01  3.57291368E+00  6.93758636E+00  4.83390053E+00  1.58932109E+01 -1.18849207E+00  6.68165122E-01  3.01666835E-01  5.30603802E-03  1.59986248E-03  1.51461174E-02  1.00645683E+03  1.14392706E+08  1.38101736E+11  3.83507570E-02  8.02425328E-06  0.00000000E+00  0.00000000E+00  0.00000000E+00  0.00000000E+00  0.00000000E+00  0.00000000E+00  0.00000000E+00  0.00000000E+00  0.00000000E+00
00029  4.10111656E+07  5.09999646E-01 -1.41534392E+00 -3.30121726E-01  3.57291438E+00  6.93759242E+00  4.83393135E+00  1.58932313E+01 -1.18846883E+00  6.68116470E-01  3.01715431E-01  5.30570064E-03  1.60025610E-03  1.51461174E-02  1.00646713E+03  1.14389617E+08  1.38098960E+11  3.83518893E-02  8.02634280E-06  0.00000000E+00  0.00000000E+00  0.00000000E+00  0.00000000E+00  0.00000000E+00  0.00000000E+00  0.00000000E+00  0.00000000E+00  0.00000000E+00
00030  4.92533987E+07  5.09999575E-01 -1.41533298E+00 -3.30117869E-01  3.57291519E+00  6.93759949E+00  4.83396844E+00  1.58932558E+01 -1.18843990E+00  6.68058087E-01  3.01773745E-01  5.30529563E-03  1.60072892E-03  1.51461173E-02  1.00648060E+03  1.14385688E+08  1.38095463E+11  3.83531535E-02  8.02876708E-06  0.00000000E+00  0.00000000E+00  0.00000000E+00  0.00000000E+00  0.00000000E+00  0.00000000E+00  0.00000000E+00  0.00000000E+00  0.00000000E+00
00031  5.91440784E+07  5.09999489E-01 -1.41531874E+00 -3.30112943E-01  3.57291628E+00  6.93760781E+00  4.83401311E+00  1.58932852E+01 -1.18840419E+00  6.67988029E-01  3.01843722E-01  5.30480949E-03  1.60129626E-03  1.51461171E-02  1.00649781E+03  1.14380600E+08  1.38090910E+11  3.83546011E-02  8.03161379E-06  0.00000000E+00  0.00000000E+00  0.00000000E+00  0.00000000E+00  0.00000000E+00  0.00000000E+00  0.00000000E+00  0.00000000E+00  0.00000000E+00
00032  7.10128941E+07  5.09999387E-01 -1.41530117E+00 -3.30106720E-01  3.57291756E+00  6.93761767E+00  4.83406688E+00  1.58933205E+01 -1.18836042E+00  6.67903961E-01  3.01927693E-01  5.30422587E-03  1.60197715E-03  1.51461171E-02  1.00651955E+03  1.14374289E+08  1.38085298E+11  3.83562768E-02  8.03497707E-06  0.00000000E+00  0.00000000E+00  0.00000000E+00  0.00000000E+00  0.00000000E+00  0.00000000E+00  0.00000000E+00  0.00000000E+00  0.00000000E+00
00033  8.52554730E+07  5.09999264E-01 -1.41527937E+00 -3.30099021E-01  3.57291917E+00  6.93762944E+00  4.83413161E+00  1.58933630E+01 -1.18830715E+00  6.67803081E-01  3.02028457E-01  5.30352520E-03  1.60279462E-03  1.51461171E-02  1.00654643E+03  1.14366464E+08  1.38078330E+11  3.83582599E-02  8.03898803E-06  0.00000000E+00  0.00000000E+00  0.00000000E+00  0.00000000E+00  0.00000000E+00  0.00000000E+00  0.00000000E+00  0.00000000E+00  0.00000000E+00
00034  1.02346568E+08  5.09999116E-01 -1.41525274E+00 -3.30089614E-01  3.57292112E+00  6.93764355E+00  4.83420947E+00  1.58934142E+01 -1.18824269E+00  6.67682027E-01  3.02149370E-01  5.30268393E-03  1.60377606E-03  1.51461171E-02  1.00657928E+03  1.14356910E+08  1.38069826E+11  3.83606308E-02  8.04379384E-06  0.00000000E+00  0.00000000E+00  0.00000000E+00  0.00000000E+00  0.00000000E+00  0.00000000E+00  0.00000000E+00  0.00000000E+00  0.00000000E+00
00035  1.22855881E+08  5.09998939E-01 -1.41522050E+00 -3.30078221E-01  3.57292348E+00  6.93766049E+00  4.83430307E+00  1.58934757E+01 -1.18816496E+00  6.67536766E-01  3.02294463E-01  5.30167374E-03  1.60495469E-03  1.51461170E-02  1.00661907E+03  1.14345341E+08  1.38059528E+11  3.83634804E-02  8.04956644E-06  0.00000000E+00  0.00000000E+00  0.00000000E+00  0.00000000E+00  0.00000000E+00  0.00000000E+00  0.00000000E+00  0.00000000E+00  0.00000000E+00
00036  1.47467057E+08  5.09998726E-01 -1.41518163E+00 -3.30064495E-01  3.57292634E+00  6.93768084E+00  4.83441550E+00  1.58935498E+01 -1.18807148E+00  6.67362458E-01  3.02468569E-01  5.30046054E-03  1.60637005E-03  1.51461171E-02  1.00666700E+03  1.14331399E+08  1.38047115E+11  3.83669099E-02  8.05650625E-06  0.00000000E+00  0.00000000E+00  0.00000000E+00  0.00000000E+00  0.00000000E+00  0.00000000E+00  0.00000000E+00  0.00000000E+00  0.00000000E+00
00037  1.77000469E+08  5.09998470E-01 -1.41513497E+00 -3.30047992E-01  3.57292975E+00  6.93770527E+00  4.83455052E+00  1.58936387E+01 -1.18795916E+00  6.67153295E-01  3.02677489E-01  5.29900331E-03  1.60807030E-03  1.51461169E-02  1.00672463E+03  1.14314657E+08  1.38032214E+11  3.83710320E-02  8.06484736E-06  0.00000000E+00  0.00000000E+00  0.00000000E+00  0.00000000E+00  0.00000000E+00  0.00000000E+00  0.00000000E+00  0.00000000E+00  0.00000000E+00
00038  2.12440562E+08  5.09998164E-01 -1.41507883E+00 -3.30028198E-01  3.57293389E+00  6.93773464E+00  4.83471263E+00  1.58937456E+01 -1.18782428E+00  6.66902309E-01  3.02928183E-01  5.29725261E-03  1.61011273E-03  1.51461169E-02  1.00679377E+03  1.14294534E+08  1.38014290E+11  3.83759864E-02  8.07487819E-06  0.00000000E+00  0.00000000E+00  0.00000000E+00  0.00000000E+00  0.00000000E+00  0.00000000E+00  0.00000000E+00  0.00000000E+00  0.00000000E+00
00039  2.54968675E+08  5.09997796E-01 -1.41501161E+00 -3.30004428E-01  3.57293881E+00  6.93776988E+00  4.83490725E+00  1.58938739E+01 -1.18766231E+00  6.66601141E-01  3.03229000E-01  5.29514888E-03  1.61256712E-03  1.51461169E-02  1.00687679E+03  1.14270427E+08  1.37992831E+11  3.83819325E-02  8.08693387E-06  0.00000000E+00  0.00000000E+00  0.00000000E+00  0.00000000E+00  0.00000000E+00  0.00000000E+00  0.00000000E+00  0.00000000E+00  0.00000000E+00
00040  3.06002410E+08  5.09997355E-01 -1.41493094E+00 -3.29975896E-01  3.57294471E+00  6.93781220E+00  4.83514087E+00  1.58940280E+01 -1.18746780E+00  6.66239761E-01  3.03589960E-01  5.29262019E-03  1.61551806E-03  1.51461160E-02  1.00697645E+03  1.14241498E+08  1.37967080E+11  3.83890704E-02  8.10142652E-06  0.00000000E+00  0.00000000E+00  0.00000000E+00  0.00000000E+00  0.00000000E+00  0.00000000E+00  0.00000000E+00  0.00000000E+00  0.00000000E+00
00041  3.67242892E+08  5.09996825E-01 -1.41483376E+00 -3.29941726E-01  3.57295192E+00  6.93786303E+00  4.83542137E+00  1.58942130E+01 -1.18723431E+00  6.65806134E-01  3.04023080E-01  5.28957974E-03  1.61906592E-03  1.51461154E-02  1.00709582E+03  1.14206715E+08  1.37936069E+11  3.83976606E-02  8.11887168E-06  0.00000000E+00  0.00000000E+00  0.00000000E+00  0.00000000E+00  0.00000000E+00  0.00000000E+00  0.00000000E+00  0.00000000E+00  0.00000000E+00
00042  4.40731470E+08  5.09996190E-01 -1.41471769E+00 -3.29900637E-01  3.57296039E+00  6.93792401E+00  4.83575809E+00  1.58944351E+01 -1.18695376E+00  6.65285825E-01  3.04542778E-01  5.28592241E-03  1.62333581E-03  1.51461126E-02  1.00723939E+03  1.14165109E+08  1.37899037E+11  3.84079445E-02  8.13983829E-06  0.00000000E+00  0.00000000E+00  0.00000000E+00  0.00000000E+00  0.00000000E+00  0.00000000E+00  0.00000000E+00  0.00000000E+00  0.00000000E+00
00043  5.28917764E+08  5.09995427E-01 -1.41457819E+00 -3.29851342E-01  3.57297062E+00  6.93799724E+00  4.83616242E+00  1.58947019E+01 -1.18661672E+00  6.64661518E-01  3.05166352E-01  5.28152114E-03  1.62847047E-03  1.51461128E-02  1.00741165E+03  1.14115149E+08  1.37854542E+11  3.84202960E-02  8.16507787E-06  0.00000000E+00  0.00000000E+00  0.00000000E+00  0.00000000E+00  0.00000000E+00  0.00000000E+00  0.00000000E+00  0.00000000E+00  0.00000000E+00
00044  6.34741317E+08  5.09994511E-01 -1.41441096E+00 -3.29792138E-01  3.57298283E+00  6.93808514E+00  4.83664795E+00  1.58950223E+01 -1.18621168E+00  6.63912442E-01  3.05914545E-01  5.27622143E-03  1.63465357E-03  1.51461127E-02  1.00761857E+03  1.14055257E+08  1.37801222E+11  3.84351118E-02  8.19546438E-06  0.00000000E+00  0.00000000E+00  0.00000000E+00  0.00000000E+00  0.00000000E+00  0.00000000E+00  0.00000000E+00  0.00000000E+00  0.00000000E+00
00045  7.61729581E+08  5.09993412E-01 -1.41420996E+00 -3.29721153E-01  3.57299758E+00  6.93819073E+00  4.83723112E+00  1.58954072E+01 -1.18572490E+00  6.63013682E-01  3.06812241E-01  5.26983552E-03  1.64210379E-03  1.51461126E-02  1.00786673E+03  1.13983361E+08  1.37737166E+11  3.84529202E-02  8.23209805E-06  0.00000000E+00  0.00000000E+00  0.00000000E+00  0.00000000E+00  0.00000000E+00  0.00000000E+00  0.00000000E+00  0.00000000E+00  0.00000000E+00
00046  9.14115497E+08  5.09992093E-01 -1.41396901E+00 -3.29635903E-01  3.57301520E+00  6.93831751E+00  4.83793165E+00  1.58958697E+01 -1.18513949E+00  6.61935362E-01  3.07889277E-01  5.26213453E-03  1.65108843E-03  1.51461124E-02  1.00816483E+03  1.13897190E+08  1.37660413E+11  3.84742861E-02  8.27625692E-06  0.00000000E+00  0.00000000E+00  0.00000000E+00  0.00000000E+00  0.00000000E+00  0.00000000E+00  0.00000000E+00  0.00000000E+00  0.00000000E+00
00047  1.09697860E+09  5.09990509E-01 -1.41367986E+00 -3.29533569E-01  3.57303632E+00  6.93846981E+00  4.83877333E+00  1.58964256E+01 -1.18443530E+00  6.60641657E-01  3.09181433E-01  5.25283853E-03  1.66193339E-03  1.51461129E-02  1.00852280E+03  1.13793859E+08  1.37568362E+11  3.84999401E-02  8.32957178E-06  0.00000000E+00  0.00000000E+00  0.00000000E+00  0.00000000E+00  0.00000000E+00  0.00000000E+00  0.00000000E+00  0.00000000E+00  0.00000000E+00
00048  1.31641432E+09  5.09988608E-01 -1.41333299E+00 -3.29410686E-01  3.57306159E+00  6.93865278E+00  4.83978489E+00  1.58970941E+01 -1.18358779E+00  6.59089617E-01  3.10731601E-01  5.24160391E-03  1.67504071E-03  1.51461125E-02  1.00895281E+03  1.13669993E+08  1.37458018E+11  3.85307358E-02  8.39401166E-06  0.00000000E+00  0.00000000E+00  0.00000000E+00  0.00000000E+00  0.00000000E+00  0.00000000E+00  0.00000000E+00  0.00000000E+00  0.00000000E+00
00049  1.57973718E+09  5.09986325E-01 -1.41291691E+00 -3.29263108E-01  3.57309182E+00  6.93887267E+00  4.84100095E+00  1.58978980E+01 -1.18256726E+00  6.57227759E-01  3.12591191E-01  5.22800709E-03  1.69088067E-03  1.51461367E-02  1.00946948E+03  1.13521544E+08  1.37325774E+11  3.85677054E-02  8.47202159E-06  0.00000000E+00  0.00000000E+00  0.00000000E+00  0.00000000E+00  0.00000000E+00  0.00000000E+00  0.00000000E+00  0.00000000E+00  0.00000000E+00
00050  1.89572461E+09  5.09983583E-01 -1.41241717E+00 -3.29085959E-01  3.57312818E+00  6.93913662E+00  4.84246284E+00  1.58988646E+01 -1.18133751E+00  6.54994405E-01  3.14821797E-01  5.21152471E-03  1.71011795E-03  1.51461297E-02  1.01009003E+03  1.13343529E+08  1.37167107E+11  3.86121871E-02  8.56646586E-06  0.00000000E+00  0.00000000E+00  0.00000000E+00  0.00000000E+00  0.00000000E+00  0.00000000E+00  0.00000000E+00  0.00000000E+00  0.00000000E+00
