00000  0.00000000E+00  5.10000000E-01 -1.20150409E+00 -3.32477185E-01  3.62755207E+00  6.94426677E+00  4.94189214E+00  1.60417234E+01 -8.81464269E-01  7.55687245E-01  2.43306514E-01  1.77035827E-04  5.34151063E-05  5.05196141E-04  9.98311918E+02  7.02915033E+07  8.44016381E+10  6.39928393E-02  4.99663059E-07  0.00000000E+00  0.00000000E+00  0.00000000E+00  0.00000000E+00  0.00000000E+00  0.00000000E+00  0.00000000E+00  0.00000000E+00  0.00000000E+00
00001  5.00000000E+04  5.10000000E-01 -1.16529624E+00 -3.23070500E-01  3.63190069E+00  6.94971170E+00  4.94337646E+00  1.60485032E+01 -8.98845906E-01  7.55686579E-01  2.43307180E-01  1.77035610E-04  5.34153566E-05  5.05196144E-04  1.03127926E+03  6.32831812E+07  7.76502809E+10  6.81951704E-02  6.54593288E-07  0.00000000E+00  0.00000000E+00  0.00000000E+00  0.00000000E+00  0.00000000E+00  0.00000000E+00  0.00000000E+00  0.00000000E+00  0.00000000E+00
00002  1.00000000E+05  5.09999999E-01 -1.16533006E+00 -3.23081771E-01  3.63189787E+00  6.94970429E+00  4.94336548E+00  1.60484846E+01 -8.98845944E-01  7.55685913E-01  2.43307846E-01  1.77035393E-04  5.34156111E-05  5.05196143E-04  1.03123911E+03  6.32897513E+07  7.76563273E+10  6.81921389E-02  6.54386851E-07  0.00000000E+00  0.00000000E+00  0.00000000E+00  0.00000000E+00  0.00000000E+00  0.00000000E+00  0.00000000E+00  0.00000000E+00  0.00000000E+00
00003  1.60000000E+05  5.09999999E-01 -1.16534573E+00 -3.23084442E-01  3.63189528E+00  6.94970443E+00  4.94336594E+00  1.60484849E+01 -8.98845802E-01  7.55685113E-01  2.43308646E-01  1.77035131E-04  5.34159166E-05  5.05196143E-04  1.03122960E+03  6.32924246E+07  7.76591299E+10  6.81921894E-02  6.54390726E-07  0.00000000E+00  0.00000000E+00  0.00000000E+00  0.00000000E+00  0.00000000E+00  0.00000000E+00  0.00000000E+00  0.00000000E+00  0.00000000E+00
00004  2.32000000E+05  5.09999998E-01 -1.16535628E+00 -3.23086118E-01  3.63189349E+00  6.94970461E+00  4.94336651E+00  1.60484854E+01 -8.98845627E-01  7.55684153E-01  2.43309606E-01  1.77034817E-04  5.34162832E-05  5.05196143E-04  1.03122363E+03  6.32942058E+07  7.76610158E+10  6.81922619E-02  6.54395736E-07  0.00000000E+00  0.00000000E+00  0.00000000E+00  0.00000000E+00  0.00000000E+00  0.00000000E+00  0.00000000E+00  0.00000000E+00  0.00000000E+00
00005  3.18400000E+05  5.09999997E-01 -1.16536348E+00 -3.23087263E-01  3.63189226E+00  6.94970483E+00  4.94336720E+00  1.60484859E+01 -8.98845418E-01  7.55683001E-01  2.43310758E-01  1.77034439E-04  5.34167226E-05  5.05196144E-04  1.03121955E+03  6.32954215E+07  7.76623028E+10  6.81923530E-02  6.54401865E-07  0.00000000E+00  0.00000000E+00  0.00000000E+00  0.00000000E+00  0.00000000E+00  0.00000000E+00  0.00000000E+00  0.00000000E+00  0.00000000E+00
00006  4.22080000E+05  5.09999996E-01 -1.16536821E+00 -3.23088040E-01  3.63189146E+00  6.94970509E+00  4.94336802E+00  1.60484866E+01 -8.98845171E-01  7.55681619E-01  2.43312139E-01  1.77033987E-04  5.34172488E-05  5.05196145E-04  1.03121679E+03  6.32962245E+07  7.76631494E+10  6.81924646E-02  6.54409271E-07  0.00000000E+00  0.00000000E+00  0.00000000E+00  0.00000000E+00  0.00000000E+00  0.00000000E+00  0.00000000E+00  0.00000000E+00  0.00000000E+00
00007  5.46496000E+05  5.09999994E-01 -1.16537156E+00 -3.23088521E-01  3.63189087E+00  6.94970541E+00  4.94336902E+00  1.60484873E+01 -8.98844879E-01  7.55679961E-01  2.43313798E-01  1.77033444E-04  5.34178834E-05  5.05196144E-04  1.03121507E+03  6.32967819E+07  7.76637474E+10  6.81925994E-02  6.54418165E-07  0.00000000E+00  0.00000000E+00  0.00000000E+00  0.00000000E+00  0.00000000E+00  0.00000000E+00  0.00000000E+00  0.00000000E+00  0.00000000E+00
00008  6.95795200E+05  5.09999993E-01 -1.16537361E+00 -3.23088742E-01  3.63189046E+00  6.94970579E+00  4.94337021E+00  1.60484883E+01 -8.98844534E-01  7.55677971E-01  2.43315788E-01  1.77032793E-04  5.34186442E-05  5.05196143E-04  1.03121429E+03  6.32971128E+07  7.76641142E+10  6.81927617E-02  6.54428819E-07  0.00000000E+00  0.00000000E+00  0.00000000E+00  0.00000000E+00  0.00000000E+00  0.00000000E+00  0.00000000E+00  0.00000000E+00  0.00000000E+00
00009  8.74954240E+05  5.09999991E-01 -1.16537415E+00 -3.23088716E-01  3.63189032E+00  6.94970625E+00  4.94337164E+00  1.60484894E+01 -8.98844126E-01  7.55675583E-01  2.43318175E-01  1.77032011E-04  5.34195542E-05  5.05196145E-04  1.03121439E+03  6.32971869E+07  7.76642102E+10  6.81929572E-02  6.54441577E-07  0.00000000E+00  0.00000000E+00  0.00000000E+00  0.00000000E+00  0.00000000E+00  0.00000000E+00  0.00000000E+00  0.00000000E+00  0.00000000E+00
00010  1.08994509E+06  5.09999988E-01 -1.16537362E+00 -3.23088449E-01  3.63189032E+00  6.94970679E+00  4.94337335E+00  1.60484908E+01 -8.98843640E-01  7.55672718E-01  2.43321041E-01  1.77031073E-04  5.34206444E-05  5.05196150E-04  1.03121534E+03  6.32970697E+07  7.76641144E+10  6.81931927E-02  6.54456845E-07  0.00000000E+00  0.00000000E+00  0.00000000E+00  0.00000000E+00  0.00000000E+00  0.00000000E+00  0.00000000E+00  0.00000000E+00  0.00000000E+00
00011  1.34793411E+06  5.09999985E-01 -1.16537161E+00 -3.23087941E-01  3.63189057E+00  6.94970745E+00  4.94337541E+00  1.60484924E+01 -8.98843057E-01  7.55669279E-01  2.43324479E-01  1.77029948E-04  5.34219595E-05  5.05196148E-04  1.03121715E+03  6.32967024E+07  7.76637550E+10  6.81934774E-02  6.54475133E-07  0.00000000E+00  0.00000000E+00  0.00000000E+00  0.00000000E+00  0.00000000E+00  0.00000000E+00  0.00000000E+00  0.00000000E+00  0.00000000E+00
00012  1.65752093E+06  5.09999982E-01 -1.16536873E+00 -3.23087186E-01  3.63189091E+00  6.94970814E+00  4.94337706E+00  1.60484942E+01 -8.98842524E-01  7.55667585E-01  2.43326174E-01  1.77033052E-04  5.34183438E-05  5.05196144E-04  1.03121984E+03  6.32961723E+07  7.76632401E+10  6.81938231E-02  6.54504224E-07  0.00000000E+00  0.00000000E+00  0.00000000E+00  0.00000000E+00  0.00000000E+00  0.00000000E+00  0.00000000E+00  0.00000000E+00  0.00000000E+00
00013  2.02902511E+06  5.09999977E-01 -1.16536485E+00 -3.23086170E-01  3.63189137E+00  6.94970900E+00  4.94337917E+00  1.60484964E+01 -8.98841998E-01  7.55665083E-01  2.43328676E-01  1.77036533E-04  5.34142803E-05  5.05196142E-04  1.03122347E+03  6.32954571E+07  7.76625451E+10  6.81942416E-02  6.54536189E-07  0.00000000E+00  0.00000000E+00  0.00000000E+00  0.00000000E+00  0.00000000E+00  0.00000000E+00  0.00000000E+00  0.00000000E+00  0.00000000E+00
00014  2.47483013E+06  5.09999972E-01 -1.16535929E+00 -3.23084900E-01  3.63189212E+00  6.94971007E+00  4.94338181E+00  1.60484991E+01 -8.98841454E-01  7.55661689E-01  2.43332070E-01  1.77039284E-04  5.34110697E-05  5.05196143E-04  1.03122800E+03  6.32944604E+07  7.76615501E+10  6.81947502E-02  6.54572219E-07  0.00000000E+00  0.00000000E+00  0.00000000E+00  0.00000000E+00  0.00000000E+00  0.00000000E+00  0.00000000E+00  0.00000000E+00  0.00000000E+00
00015  3.00979616E+06  5.09999966E-01 -1.16535266E+00 -3.23083380E-01  3.63189302E+00  6.94971137E+00  4.94338507E+00  1.60485023E+01 -8.98840851E-01  7.55657333E-01  2.43336427E-01  1.77041010E-04  5.34090526E-05  5.05196145E-04  1.03123341E+03  6.32932706E+07  7.76603628E+10  6.81953682E-02  6.54613620E-07  0.00000000E+00  0.00000000E+00  0.00000000E+00  0.00000000E+00  0.00000000E+00  0.00000000E+00  0.00000000E+00  0.00000000E+00  0.00000000E+00
00016  3.65175539E+06  5.09999959E-01 -1.16534482E+00 -3.23081624E-01  3.63189410E+00  6.94971295E+00  4.94338902E+00  1.60485061E+01 -8.98840157E-01  7.55651932E-01  2.43341828E-01  1.77041831E-04  5.34080958E-05  5.05196147E-04  1.03123968E+03  6.32918706E+07  7.76589602E+10  6.81961191E-02  6.54661889E-07  0.00000000E+00  0.00000000E+00  0.00000000E+00  0.00000000E+00  0.00000000E+00  0.00000000E+00  0.00000000E+00  0.00000000E+00  0.00000000E+00
00017  4.42210647E+06  5.09999950E-01 -1.16533586E+00 -3.23079656E-01  3.63189536E+00  6.94971484E+00  4.94339378E+00  1.60485107E+01 -8.98839339E-01  7.55645361E-01  2.43348399E-01  1.77041947E-04  5.34079681E-05  5.05196140E-04  1.03124670E+03  6.32902755E+07  7.76573562E+10  6.81970298E-02  6.54718685E-07  0.00000000E+00  0.00000000E+00  0.00000000E+00  0.00000000E+00  0.00000000E+00  0.00000000E+00  0.00000000E+00  0.00000000E+00  0.00000000E+00
00018  5.34652777E+06  5.09999939E-01 -1.16532590E+00 -3.23077516E-01  3.63189678E+00  6.94971710E+00  4.94339948E+00  1.60485161E+01 -8.98838371E-01  7.55637438E-01  2.43356322E-01  1.77041520E-04  5.34084482E-05  5.05196159E-04  1.03125433E+03  6.32885098E+07  7.76555740E+10  6.81981300E-02  6.54785827E-07  0.00000000E+00  0.00000000E+00  0.00000000E+00  0.00000000E+00  0.00000000E+00  0.00000000E+00  0.00000000E+00  0.00000000E+00  0.00000000E+00
00019  6.45583332E+06  5.09999926E-01 -1.16531542E+00 -3.23075247E-01  3.63189826E+00  6.94971978E+00  4.94340629E+00  1.60485226E+01 -8.98837223E-01  7.55627923E-01  2.43365836E-01  1.77040651E-04  5.34094778E-05  5.05196141E-04  1.03126242E+03  6.32866493E+07  7.76536988E+10  6.81994481E-02  6.54865182E-07  0.00000000E+00  0.00000000E+00  0.00000000E+00  0.00000000E+00  0.00000000E+00  0.00000000E+00  0.00000000E+00  0.00000000E+00  0.00000000E+00
00020  7.78699998E+06  5.09999911E-01 -1.16530422E+00 -3.23072915E-01  3.63189990E+00  6.94972296E+00  4.94341437E+00  1.60485303E+01 -8.98835863E-01  7.55616513E-01  2.43377247E-01  1.77039384E-04  5.34109866E-05  5.05196115E-04  1.03127075E+03  6.32846740E+07  7.76516945E+10  6.82010146E-02  6.54958803E-07  0.00000000E+00  0.00000000E+00  0.00000000E+00  0.00000000E+00  0.00000000E+00  0.00000000E+00  0.00000000E+00  0.00000000E+00  0.00000000E+00
00021  9.38439998E+06  5.09999893E-01 -1.16529277E+00 -3.23070577E-01  3.63190159E+00  6.94972669E+00  4.94342395E+00  1.60485393E+01 -8.98834248E-01  7.55602832E-01  2.43390927E-01  1.77037724E-04  5.34128718E-05  5.05196160E-04  1.03127909E+03  6.32826597E+07  7.76496436E+10  6.82028535E-02  6.55068701E-07  0.00000000E+00  0.00000000E+00  0.00000000E+00  0.00000000E+00  0.00000000E+00  0.00000000E+00  0.00000000E+00  0.00000000E+00  0.00000000E+00
00022  1.13012800E+07  5.09999871E-01 -1.16528124E+00 -3.23068270E-01  3.63190332E+00  6.94973106E+00  4.94343527E+00  1.60485498E+01 -8.98832311E-01  7.55586430E-01  2.43407329E-01  1.77035646E-04  5.34152704E-05  5.05196197E-04  1.03128733E+03  6.32806385E+07  7.76475793E+10  6.82049808E-02  6.55196832E-07  0.00000000E+00  0.00000000E+00  0.00000000E+00  0.00000000E+00  0.00000000E+00  0.00000000E+00  0.00000000E+00  0.00000000E+00  0.00000000E+00
00023  1.36015360E+07  5.09999844E-01 -1.16526978E+00 -3.23065980E-01  3.63190504E+00  6.94973613E+00  4.94344861E+00  1.60485621E+01 -8.98829936E-01  7.55566761E-01  2.43426998E-01  1.77033101E-04  5.34182419E-05  5.05196181E-04  1.03129551E+03  6.32786275E+07  7.76455252E+10  6.82074008E-02  6.55345021E-07  0.00000000E+00  0.00000000E+00  0.00000000E+00  0.00000000E+00  0.00000000E+00  0.00000000E+00  0.00000000E+00  0.00000000E+00  0.00000000E+00
00024  1.63618432E+07  5.09999812E-01 -1.16525786E+00 -3.23063658E-01  3.63190686E+00  6.94974198E+00  4.94346432E+00  1.60485762E+01 -8.98826938E-01  7.55543173E-01  2.43450585E-01  1.77030018E-04  5.34218429E-05  5.05196188E-04  1.03130382E+03  6.32765446E+07  7.76433893E+10  6.82101150E-02  6.55515290E-07  0.00000000E+00  0.00000000E+00  0.00000000E+00  0.00000000E+00  0.00000000E+00  0.00000000E+00  0.00000000E+00  0.00000000E+00  0.00000000E+00
00025  1.96742118E+07  5.09999774E-01 -1.16524547E+00 -3.23061132E-01  3.63190870E+00  6.94974869E+00  4.94348284E+00  1.60485925E+01 -8.98823030E-01  7.55514884E-01  2.43478874E-01  1.77026304E-04  5.34262179E-05  5.05196163E-04  1.03131285E+03  6.32743620E+07  7.76411686E+10  6.82131150E-02  6.55709713E-07  0.00000000E+00  0.00000000E+00  0.00000000E+00  0.00000000E+00  0.00000000E+00  0.00000000E+00  0.00000000E+00  0.00000000E+00  0.00000000E+00
00026  2.36490542E+07  5.09999729E-01 -1.16523156E+00 -3.23058167E-01  3.63191069E+00  6.94975640E+00  4.94350471E+00  1.60486114E+01 -8.98817817E-01  7.55480955E-01  2.43512802E-01  1.77021844E-04  5.34313919E-05  5.05196207E-04  1.03132346E+03  6.32718926E+07  7.76386754E+10  6.82164084E-02  6.55931358E-07  0.00000000E+00  0.00000000E+00  0.00000000E+00  0.00000000E+00  0.00000000E+00  0.00000000E+00  0.00000000E+00  0.00000000E+00  0.00000000E+00
00027  2.84188650E+07  5.09999674E-01 -1.16521517E+00 -3.23054443E-01  3.63191293E+00  6.94976525E+00  4.94353067E+00  1.60486334E+01 -8.98810807E-01  7.55440262E-01  2.43553494E-01  1.77016490E-04  5.34376957E-05  5.05196162E-04  1.03133678E+03  6.32689484E+07  7.76357368E+10  6.82200288E-02  6.56184790E-07  0.00000000E+00  0.00000000E+00  0.00000000E+00  0.00000000E+00  0.00000000E+00  0.00000000E+00  0.00000000E+00  0.00000000E+00  0.00000000E+00
00028  3.41426380E+07  5.09999608E-01 -1.16519423E+00 -3.23049737E-01  3.63191581E+00  6.94977555E+00  4.94356166E+00  1.60486594E+01 -8.98801498E-01  7.55391456E-01  2.43602299E-01  1.77010068E-04  5.34453865E-05  5.05195976E-04  1.03135361E+03  6.32651957E+07  7.76319833E+10  6.82240861E-02  6.56477899E-07  0.00000000E+00  0.00000000E+00  0.00000000E+00  0.00000000E+00  0.00000000E+00  0.00000000E+00  0.00000000E+00  0.00000000E+00  0.00000000E+00
00029  4.10111656E+07  5.09999529E-01 -1.16516817E+00 -3.23043706E-01  3.63191931E+00  6.94978762E+00  4.94359878E+00  1.60486902E+01 -8.98789387E-01  7.55332914E-01  2.43660840E-01  1.77002361E-04  5.34542817E-05  5.05196082E-04  1.03137518E+03  6.32605015E+07  7.76273131E+10  6.82287221E-02  6.56820712E-07  0.00000000E+00  0.00000000E+00  0.00000000E+00  0.00000000E+00  0.00000000E+00  0.00000000E+00  0.00000000E+00  0.00000000E+00  0.00000000E+00
00030  4.92533987E+07  5.09999434E-01 -1.16513572E+00 -3.23036046E-01  3.63192359E+00  6.94980194E+00  4.94364338E+00  1.60487270E+01 -8.98774012E-01  7.55262686E-01  2.43731066E-01  1.76993111E-04  5.34650530E-05  5.05196089E-04  1.03140256E+03  6.32546357E+07  7.76214986E+10  6.82341350E-02  6.57226334E-07  0.00000000E+00  0.00000000E+00  0.00000000E+00  0.00000000E+00  0.00000000E+00  0.00000000E+00  0.00000000E+00  0.00000000E+00  0.00000000E+00
00031  5.91440784E+07  5.09999320E-01 -1.16509557E+00 -3.23026519E-01  3.63192886E+00  6.94981903E+00  4.94369703E+00  1.60487713E+01 -8.98754941E-01  7.55178427E-01  2.43815323E-01  1.76982002E-04  5.34780054E-05  5.05196090E-04  1.03143661E+03  6.32473725E+07  7.76143057E+10  6.82405692E-02  6.57710797E-07  0.00000000E+00  0.00000000E+00  0.00000000E+00  0.00000000E+00  0.00000000E+00  0.00000000E+00  0.00000000E+00  0.00000000E+00  0.00000000E+00
00032  7.10128941E+07  5.09999184E-01 -1.16504656E+00 -3.23014875E-01  3.63193529E+00  6.94983955E+00  4.94376154E+00  1.60488246E+01 -8.98731688E-01  7.55077311E-01  2.43916437E-01  1.76968654E-04  5.34935718E-05  5.05196093E-04  1.03147823E+03  6.32385070E+07  7.76055277E+10  6.82482923E-02  6.58292456E-07  0.00000000E+00  0.00000000E+00  0.00000000E+00  0.00000000E+00  0.00000000E+00  0.00000000E+00  0.00000000E+00  0.00000000E+00  0.00000000E+00
00033  8.52554730E+07  5.09999020E-01 -1.16498737E+00 -3.23000789E-01  3.63194305E+00  6.94986420E+00  4.94383908E+00  1.60488887E+01 -8.98703608E-01  7.54955930E-01  2.44037815E-01  1.76952601E-04  5.35122952E-05  5.05196092E-04  1.03152858E+03  6.32277970E+07  7.75949263E+10  6.82575871E-02  6.58992003E-07  0.00000000E+00  0.00000000E+00  0.00000000E+00  0.00000000E+00  0.00000000E+00  0.00000000E+00  0.00000000E+00  0.00000000E+00  0.00000000E+00
00034  1.02346568E+08  5.09998823E-01 -1.16491604E+00 -3.22983899E-01  3.63195244E+00  6.94989382E+00  4.94393226E+00  1.60489657E+01 -8.98669840E-01  7.54810168E-01  2.44183574E-01  1.76933274E-04  5.35348434E-05  5.05196090E-04  1.03158896E+03  6.32149054E+07  7.75821523E+10  6.82687809E-02  6.59833792E-07  0.00000000E+00  0.00000000E+00  0.00000000E+00  0.00000000E+00  0.00000000E+00  0.00000000E+00  0.00000000E+00  0.00000000E+00  0.00000000E+00
00035  1.22855881E+08  5.09998587E-01 -1.16483058E+00 -3.22963589E-01  3.63196365E+00  6.94992939E+00  4.94404422E+00  1.60490582E+01 -8.98629157E-01  7.54635048E-01  2.44358690E-01  1.76909979E-04  5.35620236E-05  5.05196085E-04  1.03166156E+03  6.31994532E+07  7.75668516E+10  6.82822276E-02  6.60845788E-07  0.00000000E+00  0.00000000E+00  0.00000000E+00  0.00000000E+00  0.00000000E+00  0.00000000E+00  0.00000000E+00  0.00000000E+00  0.00000000E+00
00036  1.47467057E+08  5.09998303E-01 -1.16472788E+00 -3.22939253E-01  3.63197715E+00  6.94997212E+00  4.94417879E+00  1.60491694E+01 -8.98580132E-01  7.54424564E-01  2.44569169E-01  1.76881864E-04  5.35948110E-05  5.05196096E-04  1.03174857E+03  6.31808994E+07  7.75484684E+10  6.82983857E-02  6.62062835E-07  0.00000000E+00  0.00000000E+00  0.00000000E+00  0.00000000E+00  0.00000000E+00  0.00000000E+00  0.00000000E+00  0.00000000E+00  0.00000000E+00
00037  1.77000469E+08  5.09997963E-01 -1.16460474E+00 -3.22909996E-01  3.63199331E+00  6.95002341E+00  4.94434055E+00  1.60493029E+01 -8.98521004E-01  7.54171547E-01  2.44822181E-01  1.76847918E-04  5.36344290E-05  5.05196085E-04  1.03185318E+03  6.31586490E+07  7.75264323E+10  6.83177811E-02  6.63526236E-07  0.00000000E+00  0.00000000E+00  0.00000000E+00  0.00000000E+00  0.00000000E+00  0.00000000E+00  0.00000000E+00  0.00000000E+00  0.00000000E+00
00038  2.12440562E+08  5.09997555E-01 -1.16445674E+00 -3.22874953E-01  3.63201279E+00  6.95008501E+00  4.94453487E+00  1.60494634E+01 -8.98449875E-01  7.53867677E-01  2.45126044E-01  1.76807014E-04  5.36821702E-05  5.05196064E-04  1.03197849E+03  6.31319335E+07  7.74999545E+10  6.83410877E-02  6.65287554E-07  0.00000000E+00  0.00000000E+00  0.00000000E+00  0.00000000E+00  0.00000000E+00  0.00000000E+00  0.00000000E+00  0.00000000E+00  0.00000000E+00
00039  2.54968675E+08  5.09997065E-01 -1.16427919E+00 -3.22832853E-01  3.63203613E+00  6.95015897E+00  4.94476824E+00  1.60496560E+01 -8.98364359E-01  7.53502885E-01  2.45490827E-01  1.76757759E-04  5.37396282E-05  5.05196068E-04  1.03212905E+03  6.30998902E+07  7.74682024E+10  6.83690714E-02  6.67407865E-07  0.00000000E+00  0.00000000E+00  0.00000000E+00  0.00000000E+00  0.00000000E+00  0.00000000E+00  0.00000000E+00  0.00000000E+00  0.00000000E+00
00040  3.06002410E+08  5.09996477E-01 -1.16406600E+00 -3.22782310E-01  3.63206415E+00  6.95024780E+00  4.94504854E+00  1.60498875E+01 -8.98261551E-01  7.53064950E-01  2.45928753E-01  1.76698416E-04  5.38088604E-05  5.05196068E-04  1.03230984E+03  6.30614375E+07  7.74300937E+10  6.84026834E-02  6.69962334E-07  0.00000000E+00  0.00000000E+00  0.00000000E+00  0.00000000E+00  0.00000000E+00  0.00000000E+00  0.00000000E+00  0.00000000E+00  0.00000000E+00
00041  3.67242892E+08  5.09995771E-01 -1.16381007E+00 -3.22721583E-01  3.63209777E+00  6.95035447E+00  4.94538527E+00  1.60501655E+01 -8.98137756E-01  7.52539161E-01  2.46454530E-01  1.76626860E-04  5.38923482E-05  5.05196063E-04  1.03252710E+03  6.30153008E+07  7.73843716E+10  6.84430569E-02  6.73041222E-07  0.00000000E+00  0.00000000E+00  0.00000000E+00  0.00000000E+00  0.00000000E+00  0.00000000E+00  0.00000000E+00  0.00000000E+00  0.00000000E+00
00042  4.40731470E+08  5.09994923E-01 -1.16350273E+00 -3.22648661E-01  3.63213815E+00  6.95048262E+00  4.94578987E+00  1.60504996E+01 -8.97988806E-01  7.51907830E-01  2.47085847E-01  1.76540497E-04  5.39932288E-05  5.05195916E-04  1.03278805E+03  6.29599391E+07  7.73294980E+10  6.84915732E-02  6.76756907E-07  0.00000000E+00  0.00000000E+00  0.00000000E+00  0.00000000E+00  0.00000000E+00  0.00000000E+00  0.00000000E+00  0.00000000E+00  0.00000000E+00
00043  5.28917764E+08  5.09993905E-01 -1.16313363E+00 -3.22561070E-01  3.63218662E+00  6.95063659E+00  4.94627610E+00  1.60509011E+01 -8.97809496E-01  7.51149672E-01  2.47843987E-01  1.76436138E-04  5.41149479E-05  5.05195953E-04  1.03310157E+03  6.28935170E+07  7.72636516E+10  6.85498844E-02  6.81245990E-07  0.00000000E+00  0.00000000E+00  0.00000000E+00  0.00000000E+00  0.00000000E+00  0.00000000E+00  0.00000000E+00  0.00000000E+00  0.00000000E+00
00044  6.34741317E+08  5.09992682E-01 -1.16269019E+00 -3.22455798E-01  3.63224485E+00  6.95082140E+00  4.94686043E+00  1.60513834E+01 -8.97593055E-01  7.50239065E-01  2.48754573E-01  1.76309855E-04  5.42623280E-05  5.05195900E-04  1.03347851E+03  6.28138027E+07  7.71846160E+10  6.86200447E-02  6.86667229E-07  0.00000000E+00  0.00000000E+00  0.00000000E+00  0.00000000E+00  0.00000000E+00  0.00000000E+00  0.00000000E+00  0.00000000E+00  0.00000000E+00
00045  7.61729581E+08  5.09991214E-01 -1.16215741E+00 -3.22329366E-01  3.63231483E+00  6.95104389E+00  4.94756373E+00  1.60519643E+01 -8.97331867E-01  7.49145126E-01  2.49848487E-01  1.76156772E-04  5.44411048E-05  5.05195813E-04  1.03393140E+03  6.27181698E+07  7.70897648E+10  6.87043513E-02  6.93244811E-07  0.00000000E+00  0.00000000E+00  0.00000000E+00  0.00000000E+00  0.00000000E+00  0.00000000E+00  0.00000000E+00  0.00000000E+00  0.00000000E+00
00046  9.14115497E+08  5.09989451E-01 -1.16151732E+00 -3.22177374E-01  3.63239885E+00  6.95131146E+00  4.94841004E+00  1.60526635E+01 -8.97016421E-01  7.47830519E-01  2.51163062E-01  1.75970774E-04  5.46581724E-05  5.05195646E-04  1.03447610E+03  6.26034530E+07  7.69759620E+10  6.88058207E-02  7.01231493E-07  0.00000000E+00  0.00000000E+00  0.00000000E+00  0.00000000E+00  0.00000000E+00  0.00000000E+00  0.00000000E+00  0.00000000E+00  0.00000000E+00
00047  1.09697860E+09  5.09987332E-01 -1.16074789E+00 -3.21994607E-01  3.63249983E+00  6.95163342E+00  4.94942938E+00  1.60535055E+01 -8.96634493E-01  7.46249546E-01  2.52743997E-01  1.75743947E-04  5.49227716E-05  5.05195608E-04  1.03513148E+03  6.24658249E+07  7.68393865E+10  6.89279926E-02  7.10948963E-07  0.00000000E+00  0.00000000E+00  0.00000000E+00  0.00000000E+00  0.00000000E+00  0.00000000E+00  0.00000000E+00  0.00000000E+00  0.00000000E+00
00048  1.31641432E+09  5.09984785E-01 -1.15982230E+00 -3.21774722E-01  3.63262128E+00  6.95202129E+00  4.95066375E+00  1.60545227E+01 -8.96164677E-01  7.44336251E-01  2.54657246E-01  1.75462279E-04  5.52513518E-05  5.05195648E-04  1.03592050E+03  6.23006633E+07  7.66754146E+10  6.90752426E-02  7.22799940E-07  0.00000000E+00  0.00000000E+00  0.00000000E+00  0.00000000E+00  0.00000000E+00  0.00000000E+00  0.00000000E+00  0.00000000E+00  0.00000000E+00
00049  1.57973718E+09  5.09981724E-01 -1.15870820E+00 -3.21510055E-01  3.63276748E+00  6.95248894E+00  4.95216221E+00  1.60557540E+01 -8.95582292E-01  7.42015757E-01  2.56977681E-01  1.75109752E-04  5.56624628E-05  5.05195758E-04  1.03687101E+03  6.21024429E+07  7.64785104E+10  6.92529000E-02  7.37292231E-07  0.00000000E+00  0.00000000E+00  0.00000000E+00  0.00000000E+00  0.00000000E+00  0.00000000E+00  0.00000000E+00  0.00000000E+00  0.00000000E+00
00050  1.89572461E+09  5.09978043E-01 -1.15736752E+00 -3.21191339E-01  3.63294329E+00  6.95305282E+00  4.95397089E+00  1.60572408E+01 -8.94874155E-01  7.39223439E-01  2.59769927E-01  1.74675799E-04  5.61687332E-05  5.05195773E-04  1.03801678E+03  6.18647156E+07  7.62422331E+10  6.94673048E-02  7.55108578E-07  0.00000000E+00  0.00000000E+00  0.00000000E+00  0.00000000E+00  0.00000000E+00  0.00000000E+00  0.00000000E+00  0.00000000E+00  0.00000000E+00
