00000  0.00000000E+00  5.10000000E-01 -1.41125832E+00 -3.39984797E-01  3.57886731E+00  6.92949358E+00  4.85259150E+00  1.59155214E+01 -1.09057314E+00  6.98490883E-01  2.81392784E-01  3.53913992E-03  1.06644247E-03  1.00996559E-02  9.72758057E+02  1.15921684E+08  1.36805989E+11  3.94814845E-02  3.83939959E-06  0.00000000E+00  0.00000000E+00  0.00000000E+00  0.00000000E+00  0.00000000E+00  0.00000000E+00  0.00000000E+00  0.00000000E+00  0.00000000E+00
00001  5.00000000E+04  5.10000000E-01 -1.39104793E+00 -3.29780840E-01  3.57881793E+00  6.93235622E+00  4.85333039E+00  1.59190644E+01 -1.09964735E+00  6.98490506E-01  2.81393166E-01  3.53917066E-03  1.06640661E-03  1.00996559E-02  1.00765247E+03  1.08081244E+08  1.30585430E+11  4.05522317E-02  4.39731416E-06  0.00000000E+00  0.00000000E+00  0.00000000E+00  0.00000000E+00  0.00000000E+00  0.00000000E+00  0.00000000E+00  0.00000000E+00  0.00000000E+00
00002  1.00000000E+05  5.10000000E-01 -1.39104589E+00 -3.29781252E-01  3.57881865E+00  6.93235306E+00  4.85332554E+00  1.59190562E+01 -1.09964784E+00  6.98490125E-01  2.81393547E-01  3.53916962E-03  1.06640782E-03  1.00996559E-02  1.00765103E+03  1.08080837E+08  1.30584814E+11  4.05519602E-02  4.39682308E-06  0.00000000E+00  0.00000000E+00  0.00000000E+00  0.00000000E+00  0.00000000E+00  0.00000000E+00  0.00000000E+00  0.00000000E+00  0.00000000E+00
00003  1.60000000E+05  5.09999999E-01 -1.39104753E+00 -3.29781735E-01  3.57881848E+00  6.93235315E+00  4.85332579E+00  1.59190564E+01 -1.09964788E+00  6.98489667E-01  2.81394004E-01  3.53916796E-03  1.06640976E-03  1.00996559E-02  1.00764935E+03  1.08081366E+08  1.30585309E+11  4.05519785E-02  4.39683976E-06  0.00000000E+00  0.00000000E+00  0.00000000E+00  0.00000000E+00  0.00000000E+00  0.00000000E+00  0.00000000E+00  0.00000000E+00  0.00000000E+00
00004  2.32000000E+05  5.09999998E-01 -1.39104873E+00 -3.29782104E-01  3.57881837E+00  6.93235327E+00  4.85332610E+00  1.59190567E+01 -1.09964789E+00  6.98489118E-01  2.81394553E-01  3.53916597E-03  1.06641209E-03  1.00996559E-02  1.00764807E+03  1.08081757E+08  1.30585670E+11  4.05520064E-02  4.39686205E-06  0.00000000E+00  0.00000000E+00  0.00000000E+00  0.00000000E+00  0.00000000E+00  0.00000000E+00  0.00000000E+00  0.00000000E+00  0.00000000E+00
00005  3.18400000E+05  5.09999998E-01 -1.39104976E+00 -3.29782421E-01  3.57881827E+00  6.93235342E+00  4.85332649E+00  1.59190570E+01 -1.09964788E+00  6.98488458E-01  2.81395212E-01  3.53916357E-03  1.06641488E-03  1.00996559E-02  1.00764697E+03  1.08082090E+08  1.30585977E+11  4.05520433E-02  4.39689005E-06  0.00000000E+00  0.00000000E+00  0.00000000E+00  0.00000000E+00  0.00000000E+00  0.00000000E+00  0.00000000E+00  0.00000000E+00  0.00000000E+00
00006  4.22080000E+05  5.09999997E-01 -1.39105065E+00 -3.29782706E-01  3.57881819E+00  6.93235360E+00  4.85332697E+00  1.59190574E+01 -1.09964786E+00  6.98487667E-01  2.81396003E-01  3.53916070E-03  1.06641823E-03  1.00996559E-02  1.00764598E+03  1.08082382E+08  1.30586244E+11  4.05520901E-02  4.39692452E-06  0.00000000E+00  0.00000000E+00  0.00000000E+00  0.00000000E+00  0.00000000E+00  0.00000000E+00  0.00000000E+00  0.00000000E+00  0.00000000E+00
00007  5.46496000E+05  5.09999996E-01 -1.39105146E+00 -3.29782967E-01  3.57881812E+00  6.93235382E+00  4.85332755E+00  1.59190579E+01 -1.09964784E+00  6.98486718E-01  2.81396952E-01  3.53915725E-03  1.06642225E-03  1.00996559E-02  1.00764507E+03  1.08082649E+08  1.30586489E+11  4.05521482E-02  4.39696648E-06  0.00000000E+00  0.00000000E+00  0.00000000E+00  0.00000000E+00  0.00000000E+00  0.00000000E+00  0.00000000E+00  0.00000000E+00  0.00000000E+00
00008  6.95795200E+05  5.09999994E-01 -1.39105220E+00 -3.29783209E-01  3.57881805E+00  6.93235408E+00  4.85332824E+00  1.59190585E+01 -1.09964780E+00  6.98485579E-01  2.81398090E-01  3.53915311E-03  1.06642708E-03  1.00996559E-02  1.00764423E+03  1.08082893E+08  1.30586712E+11  4.05522193E-02  4.39701723E-06  0.00000000E+00  0.00000000E+00  0.00000000E+00  0.00000000E+00  0.00000000E+00  0.00000000E+00  0.00000000E+00  0.00000000E+00  0.00000000E+00
00009  8.74954240E+05  5.09999993E-01 -1.39105286E+00 -3.29783433E-01  3.57881800E+00  6.93235440E+00  4.85332908E+00  1.59190592E+01 -1.09964774E+00  6.98484212E-01  2.81399456E-01  3.53914815E-03  1.06643287E-03  1.00996559E-02  1.00764345E+03  1.08083113E+08  1.30586910E+11  4.05523056E-02  4.39707834E-06  0.00000000E+00  0.00000000E+00  0.00000000E+00  0.00000000E+00  0.00000000E+00  0.00000000E+00  0.00000000E+00  0.00000000E+00  0.00000000E+00
00010  1.08994509E+06  5.09999991E-01 -1.39105346E+00 -3.29783639E-01  3.57881795E+00  6.93235477E+00  4.85333010E+00  1.59190600E+01 -1.09964766E+00  6.98482571E-01  2.81401096E-01  3.53914219E-03  1.06643983E-03  1.00996559E-02  1.00764273E+03  1.08083311E+08  1.30587088E+11  4.05524097E-02  4.39715162E-06  0.00000000E+00  0.00000000E+00  0.00000000E+00  0.00000000E+00  0.00000000E+00  0.00000000E+00  0.00000000E+00  0.00000000E+00  0.00000000E+00
00011  1.34793411E+06  5.09999989E-01 -1.39105398E+00 -3.29783826E-01  3.57881791E+00  6.93235522E+00  4.85333132E+00  1.59190610E+01 -1.09964754E+00  6.98480603E-01  2.81403063E-01  3.53913504E-03  1.06644816E-03  1.00996559E-02  1.00764209E+03  1.08083487E+08  1.30587245E+11  4.05525348E-02  4.39723922E-06  0.00000000E+00  0.00000000E+00  0.00000000E+00  0.00000000E+00  0.00000000E+00  0.00000000E+00  0.00000000E+00  0.00000000E+00  0.00000000E+00
00012  1.65752093E+06  5.09999986E-01 -1.39105441E+00 -3.29783992E-01  3.57881789E+00  6.93235576E+00  4.85333278E+00  1.59190622E+01 -1.09964737E+00  6.98478240E-01  2.81405424E-01  3.53912646E-03  1.06645817E-03  1.00996559E-02  1.00764151E+03  1.08083634E+08  1.30587374E+11  4.05526841E-02  4.39734357E-06  0.00000000E+00  0.00000000E+00  0.00000000E+00  0.00000000E+00  0.00000000E+00  0.00000000E+00  0.00000000E+00  0.00000000E+00  0.00000000E+00
00013  2.02902511E+06  5.09999982E-01 -1.39105475E+00 -3.29784133E-01  3.57881788E+00  6.93235639E+00  4.85333454E+00  1.59190637E+01 -1.09964714E+00  6.98475406E-01  2.81408257E-01  3.53911617E-03  1.06647018E-03  1.00996559E-02  1.00764102E+03  1.08083753E+08  1.30587475E+11  4.05528619E-02  4.39746758E-06  0.00000000E+00  0.00000000E+00  0.00000000E+00  0.00000000E+00  0.00000000E+00  0.00000000E+00  0.00000000E+00  0.00000000E+00  0.00000000E+00
00014  2.47483013E+06  5.09999979E-01 -1.39105498E+00 -3.29784246E-01  3.57881787E+00  6.93235714E+00  4.85333666E+00  1.59190654E+01 -1.09964681E+00  6.98472004E-01  2.81411657E-01  3.53910381E-03  1.06648460E-03  1.00996559E-02  1.00764064E+03  1.08083837E+08  1.30587544E+11  4.05530727E-02  4.39761445E-06  0.00000000E+00  0.00000000E+00  0.00000000E+00  0.00000000E+00  0.00000000E+00  0.00000000E+00  0.00000000E+00  0.00000000E+00  0.00000000E+00
00015  3.00979616E+06  5.09999974E-01 -1.39105508E+00 -3.29784324E-01  3.57881789E+00  6.93235802E+00  4.85333920E+00  1.59190675E+01 -1.09964636E+00  6.98467922E-01  2.81415737E-01  3.53908898E-03  1.06650191E-03  1.00996559E-02  1.00764037E+03  1.08083879E+08  1.30587573E+11  4.05533213E-02  4.39778782E-06  0.00000000E+00  0.00000000E+00  0.00000000E+00  0.00000000E+00  0.00000000E+00  0.00000000E+00  0.00000000E+00  0.00000000E+00  0.00000000E+00
00016  3.65175539E+06  5.09999968E-01 -1.39105503E+00 -3.29784363E-01  3.57881792E+00  6.93235906E+00  4.85334224E+00  1.59190700E+01 -1.09964572E+00  6.98463023E-01  2.81420632E-01  3.53907119E-03  1.06652267E-03  1.00996558E-02  1.00764024E+03  1.08083873E+08  1.30587555E+11  4.05536132E-02  4.39799176E-06  0.00000000E+00  0.00000000E+00  0.00000000E+00  0.00000000E+00  0.00000000E+00  0.00000000E+00  0.00000000E+00  0.00000000E+00  0.00000000E+00
00017  4.42210647E+06  5.09999961E-01 -1.39105481E+00 -3.29784354E-01  3.57881797E+00  6.93236028E+00  4.85334590E+00  1.59190729E+01 -1.09964484E+00  6.98457145E-01  2.81426507E-01  3.53904984E-03  1.06654759E-03  1.00996558E-02  1.00764028E+03  1.08083814E+08  1.30587488E+11  4.05539541E-02  4.39823075E-06  0.00000000E+00  0.00000000E+00  0.00000000E+00  0.00000000E+00  0.00000000E+00  0.00000000E+00  0.00000000E+00  0.00000000E+00  0.00000000E+00
00018  5.34652777E+06  5.09999953E-01 -1.39105439E+00 -3.29784289E-01  3.57881804E+00  6.93236169E+00  4.85335029E+00  1.59190764E+01 -1.09964363E+00  6.98450091E-01  2.81433557E-01  3.53902421E-03  1.06657747E-03  1.00996559E-02  1.00764051E+03  1.08083688E+08  1.30587358E+11  4.05543500E-02  4.39850970E-06  0.00000000E+00  0.00000000E+00  0.00000000E+00  0.00000000E+00  0.00000000E+00  0.00000000E+00  0.00000000E+00  0.00000000E+00  0.00000000E+00
00019  6.45583332E+06  5.09999943E-01 -1.39105376E+00 -3.29784157E-01  3.57881814E+00  6.93236334E+00  4.85335554E+00  1.59190805E+01 -1.09964197E+00  6.98441626E-01  2.81442017E-01  3.53899346E-03  1.06661338E-03  1.00996558E-02  1.00764098E+03  1.08083494E+08  1.30587166E+11  4.05548065E-02  4.39883386E-06  0.00000000E+00  0.00000000E+00  0.00000000E+00  0.00000000E+00  0.00000000E+00  0.00000000E+00  0.00000000E+00  0.00000000E+00  0.00000000E+00
00020  7.78699998E+06  5.09999932E-01 -1.39105281E+00 -3.29783944E-01  3.57881827E+00  6.93236523E+00  4.85336184E+00  1.59190853E+01 -1.09963973E+00  6.98431468E-01  2.81452168E-01  3.53895655E-03  1.06665642E-03  1.00996558E-02  1.00764173E+03  1.08083200E+08  1.30586878E+11  4.05553295E-02  4.39920896E-06  0.00000000E+00  0.00000000E+00  0.00000000E+00  0.00000000E+00  0.00000000E+00  0.00000000E+00  0.00000000E+00  0.00000000E+00  0.00000000E+00
00021  9.38439998E+06  5.09999917E-01 -1.39105160E+00 -3.29783631E-01  3.57881841E+00  6.93236742E+00  4.85336938E+00  1.59190910E+01 -1.09963673E+00  6.98419278E-01  2.81464351E-01  3.53891226E-03  1.06670804E-03  1.00996559E-02  1.00764284E+03  1.08082816E+08  1.30586511E+11  4.05559233E-02  4.39964094E-06  0.00000000E+00  0.00000000E+00  0.00000000E+00  0.00000000E+00  0.00000000E+00  0.00000000E+00  0.00000000E+00  0.00000000E+00  0.00000000E+00
00022  1.13012800E+07  5.09999900E-01 -1.39104998E+00 -3.29783194E-01  3.57881860E+00  6.93236992E+00  4.85337840E+00  1.59190977E+01 -1.09963275E+00  6.98404651E-01  2.81478969E-01  3.53885910E-03  1.06677010E-03  1.00996558E-02  1.00764437E+03  1.08082296E+08  1.30586019E+11  4.05565919E-02  4.40013624E-06  0.00000000E+00  0.00000000E+00  0.00000000E+00  0.00000000E+00  0.00000000E+00  0.00000000E+00  0.00000000E+00  0.00000000E+00  0.00000000E+00
00023  1.36015360E+07  5.09999880E-01 -1.39104788E+00 -3.29782598E-01  3.57881883E+00  6.93237278E+00  4.85338919E+00  1.59191056E+01 -1.09962751E+00  6.98387097E-01  2.81496512E-01  3.53879531E-03  1.06684444E-03  1.00996559E-02  1.00764647E+03  1.08081617E+08  1.30585383E+11  4.05573382E-02  4.40070198E-06  0.00000000E+00  0.00000000E+00  0.00000000E+00  0.00000000E+00  0.00000000E+00  0.00000000E+00  0.00000000E+00  0.00000000E+00  0.00000000E+00
00024  1.63618432E+07  5.09999856E-01 -1.39104528E+00 -3.29781792E-01  3.57881907E+00  6.93237604E+00  4.85340210E+00  1.59191148E+01 -1.09962067E+00  6.98366033E-01  2.81517563E-01  3.53871874E-03  1.06693380E-03  1.00996559E-02  1.00764930E+03  1.08080760E+08  1.30584595E+11  4.05581624E-02  4.40134553E-06  0.00000000E+00  0.00000000E+00  0.00000000E+00  0.00000000E+00  0.00000000E+00  0.00000000E+00  0.00000000E+00  0.00000000E+00  0.00000000E+00
00025  1.96742118E+07  5.09999826E-01 -1.39104173E+00 -3.29780713E-01  3.57881942E+00  6.93237975E+00  4.85341753E+00  1.59191256E+01 -1.09961183E+00  6.98340756E-01  2.81542825E-01  3.53862685E-03  1.06704105E-03  1.00996559E-02  1.00765308E+03  1.08079594E+08  1.30583519E+11  4.05590680E-02  4.40207700E-06  0.00000000E+00  0.00000000E+00  0.00000000E+00  0.00000000E+00  0.00000000E+00  0.00000000E+00  0.00000000E+00  0.00000000E+00  0.00000000E+00
00026  2.36490542E+07  5.09999791E-01 -1.39103723E+00 -3.29779267E-01  3.57881982E+00  6.93238397E+00  4.85343601E+00  1.59191384E+01 -1.09960049E+00  6.98310424E-01  2.81573139E-01  3.53851656E-03  1.06716955E-03  1.00996561E-02  1.00765815E+03  1.08078100E+08  1.30582158E+11  4.05600554E-02  4.40290747E-06  0.00000000E+00  0.00000000E+00  0.00000000E+00  0.00000000E+00  0.00000000E+00  0.00000000E+00  0.00000000E+00  0.00000000E+00  0.00000000E+00
00027  2.84188650E+07  5.09999749E-01 -1.39103158E+00 -3.29777334E-01  3.57882027E+00  6.93238880E+00  4.85345813E+00  1.59191533E+01 -1.09958604E+00  6.98274024E-01  2.81609516E-01  3.53838418E-03  1.06732351E-03  1.00996566E-02  1.00766492E+03  1.08076195E+08  1.30580448E+11  4.05611287E-02  4.40385183E-06  0.00000000E+00  0.00000000E+00  0.00000000E+00  0.00000000E+00  0.00000000E+00  0.00000000E+00  0.00000000E+00  0.00000000E+00  0.00000000E+00
00028  3.41426380E+07  5.09999698E-01 -1.39102416E+00 -3.29774769E-01  3.57882084E+00  6.93239435E+00  4.85348468E+00  1.59191711E+01 -1.09956777E+00  6.98230345E-01  2.81653169E-01  3.53822529E-03  1.06750848E-03  1.00996569E-02  1.00767389E+03  1.08073688E+08  1.30578203E+11  4.05623002E-02  4.40493105E-06  0.00000000E+00  0.00000000E+00  0.00000000E+00  0.00000000E+00  0.00000000E+00  0.00000000E+00  0.00000000E+00  0.00000000E+00  0.00000000E+00
00029  4.10111656E+07  5.09999638E-01 -1.39101434E+00 -3.29771419E-01  3.57882162E+00  6.93240076E+00  4.85351656E+00  1.59191922E+01 -1.09954487E+00  6.98177931E-01  2.81705552E-01  3.53803457E-03  1.06773088E-03  1.00996572E-02  1.00768561E+03  1.08070385E+08  1.30575236E+11  4.05635963E-02  4.40617535E-06  0.00000000E+00  0.00000000E+00  0.00000000E+00  0.00000000E+00  0.00000000E+00  0.00000000E+00  0.00000000E+00  0.00000000E+00  0.00000000E+00
00030  4.92533987E+07  5.09999565E-01 -1.39100226E+00 -3.29767062E-01  3.57882246E+00  6.93240824E+00  4.85355489E+00  1.59192173E+01 -1.09951638E+00  6.98115034E-01  2.81768411E-01  3.53780564E-03  1.06799890E-03  1.00996564E-02  1.00770085E+03  1.08066266E+08  1.30571587E+11  4.05650416E-02  4.40761885E-06  0.00000000E+00  0.00000000E+00  0.00000000E+00  0.00000000E+00  0.00000000E+00  0.00000000E+00  0.00000000E+00  0.00000000E+00  0.00000000E+00
00031  5.91440784E+07  5.09999477E-01 -1.39098669E+00 -3.29761537E-01  3.57882359E+00  6.93241705E+00  4.85360101E+00  1.59192474E+01 -1.09948122E+00  6.98039558E-01  2.81843841E-01  3.53753082E-03  1.06831952E-03  1.00996564E-02  1.00772017E+03  1.08060979E+08  1.30566883E+11  4.05666993E-02  4.40931566E-06  0.00000000E+00  0.00000000E+00  0.00000000E+00  0.00000000E+00  0.00000000E+00  0.00000000E+00  0.00000000E+00  0.00000000E+00  0.00000000E+00
00032  7.10128941E+07  5.09999372E-01 -1.39096733E+00 -3.29754622E-01  3.57882498E+00  6.93242752E+00  4.85365652E+00  1.59192837E+01 -1.09943820E+00  6.97948987E-01  2.81934356E-01  3.53720089E-03  1.06870445E-03  1.00996564E-02  1.00774434E+03  1.08054396E+08  1.30561034E+11  4.05686327E-02  4.41132653E-06  0.00000000E+00  0.00000000E+00  0.00000000E+00  0.00000000E+00  0.00000000E+00  0.00000000E+00  0.00000000E+00  0.00000000E+00  0.00000000E+00
00033  8.52554730E+07  5.09999246E-01 -1.39094348E+00 -3.29746090E-01  3.57882667E+00  6.93244001E+00  4.85372331E+00  1.59193273E+01 -1.09938589E+00  6.97840305E-01  2.82042972E-01  3.53680478E-03  1.06916662E-03  1.00996563E-02  1.00777416E+03  1.08046287E+08  1.30553834E+11  4.05709228E-02  4.41372626E-06  0.00000000E+00  0.00000000E+00  0.00000000E+00  0.00000000E+00  0.00000000E+00  0.00000000E+00  0.00000000E+00  0.00000000E+00  0.00000000E+00
00034  1.02346568E+08  5.09999095E-01 -1.39091440E+00 -3.29735683E-01  3.57882874E+00  6.93245498E+00  4.85380362E+00  1.59193797E+01 -1.09932265E+00  6.97709888E-01  2.82173310E-01  3.53632914E-03  1.06972152E-03  1.00996563E-02  1.00781053E+03  1.08036399E+08  1.30545052E+11  4.05736623E-02  4.41660294E-06  0.00000000E+00  0.00000000E+00  0.00000000E+00  0.00000000E+00  0.00000000E+00  0.00000000E+00  0.00000000E+00  0.00000000E+00  0.00000000E+00
00035  1.22855881E+08  5.09998913E-01 -1.39087922E+00 -3.29723090E-01  3.57883124E+00  6.93247297E+00  4.85390013E+00  1.59194428E+01 -1.09924645E+00  6.97553390E-01  2.82329712E-01  3.53575795E-03  1.07038792E-03  1.00996563E-02  1.00785455E+03  1.08024439E+08  1.30534432E+11  4.05769538E-02  4.42005864E-06  0.00000000E+00  0.00000000E+00  0.00000000E+00  0.00000000E+00  0.00000000E+00  0.00000000E+00  0.00000000E+00  0.00000000E+00  0.00000000E+00
00036  1.47467057E+08  5.09998695E-01 -1.39083684E+00 -3.29707925E-01  3.57883425E+00  6.93249456E+00  4.85401605E+00  1.59195187E+01 -1.09915484E+00  6.97365598E-01  2.82517391E-01  3.53507191E-03  1.07118831E-03  1.00996563E-02  1.00790756E+03  1.08010035E+08  1.30521639E+11  4.05809132E-02  4.42421290E-06  0.00000000E+00  0.00000000E+00  0.00000000E+00  0.00000000E+00  0.00000000E+00  0.00000000E+00  0.00000000E+00  0.00000000E+00  0.00000000E+00
00037  1.77000469E+08  5.09998434E-01 -1.39078595E+00 -3.29689699E-01  3.57883786E+00  6.93252050E+00  4.85415522E+00  1.59196098E+01 -1.09904480E+00  6.97140253E-01  2.82742598E-01  3.53424777E-03  1.07214978E-03  1.00996563E-02  1.00797127E+03  1.07992735E+08  1.30506277E+11  4.05856721E-02  4.42920653E-06  0.00000000E+00  0.00000000E+00  0.00000000E+00  0.00000000E+00  0.00000000E+00  0.00000000E+00  0.00000000E+00  0.00000000E+00  0.00000000E+00
00038  2.12440562E+08  5.09998120E-01 -1.39072480E+00 -3.29667826E-01  3.57884221E+00  6.93255165E+00  4.85432230E+00  1.59197192E+01 -1.09891267E+00  6.96869848E-01  2.83012838E-01  3.53325753E-03  1.07330518E-03  1.00996562E-02  1.00804772E+03  1.07971961E+08  1.30487825E+11  4.05913911E-02  4.43520997E-06  0.00000000E+00  0.00000000E+00  0.00000000E+00  0.00000000E+00  0.00000000E+00  0.00000000E+00  0.00000000E+00  0.00000000E+00  0.00000000E+00
00039  2.54968675E+08  5.09997744E-01 -1.39065147E+00 -3.29641572E-01  3.57884742E+00  6.93258903E+00  4.85452286E+00  1.59198505E+01 -1.09875403E+00  6.96545375E-01  2.83337113E-01  3.53206740E-03  1.07469397E-03  1.00996559E-02  1.00813951E+03  1.07947045E+08  1.30465696E+11  4.05982565E-02  4.44242627E-06  0.00000000E+00  0.00000000E+00  0.00000000E+00  0.00000000E+00  0.00000000E+00  0.00000000E+00  0.00000000E+00  0.00000000E+00  0.00000000E+00
00040  3.06002410E+08  5.09997292E-01 -1.39056345E+00 -3.29610065E-01  3.57885367E+00  6.93263392E+00  4.85476363E+00  1.59200082E+01 -1.09856351E+00  6.96156025E-01  2.83726224E-01  3.53063658E-03  1.07636314E-03  1.00996560E-02  1.00824967E+03  1.07917149E+08  1.30439142E+11  4.06064979E-02  4.45110296E-06  0.00000000E+00  0.00000000E+00  0.00000000E+00  0.00000000E+00  0.00000000E+00  0.00000000E+00  0.00000000E+00  0.00000000E+00  0.00000000E+00
00041  3.67242892E+08  5.09996749E-01 -1.39045785E+00 -3.29572250E-01  3.57886116E+00  6.93268779E+00  4.85505268E+00  1.59201975E+01 -1.09833469E+00  6.95688833E-01  2.84193130E-01  3.52891577E-03  1.07837089E-03  1.00996558E-02  1.00838190E+03  1.07881288E+08  1.30407290E+11  4.06163894E-02  4.46153863E-06  0.00000000E+00  0.00000000E+00  0.00000000E+00  0.00000000E+00  0.00000000E+00  0.00000000E+00  0.00000000E+00  0.00000000E+00  0.00000000E+00
00042  4.40731470E+08  5.09996098E-01 -1.39033089E+00 -3.29526809E-01  3.57887018E+00  6.93275215E+00  4.85539924E+00  1.59204240E+01 -1.09805984E+00  6.95128243E-01  2.84753375E-01  3.52684529E-03  1.08078787E-03  1.00996542E-02  1.00854082E+03  1.07838195E+08  1.30369006E+11  4.06283362E-02  4.47403242E-06  0.00000000E+00  0.00000000E+00  0.00000000E+00  0.00000000E+00  0.00000000E+00  0.00000000E+00  0.00000000E+00  0.00000000E+00  0.00000000E+00
00043  5.28917764E+08  5.09995317E-01 -1.39017894E+00 -3.29472281E-01  3.57888090E+00  6.93282971E+00  4.85581586E+00  1.59206969E+01 -1.09772950E+00  6.94455591E-01  2.85425611E-01  3.52435274E-03  1.08369531E-03  1.00996546E-02  1.00873155E+03  1.07786607E+08  1.30323200E+11  4.06425461E-02  4.48913233E-06  0.00000000E+00  0.00000000E+00  0.00000000E+00  0.00000000E+00  0.00000000E+00  0.00000000E+00  0.00000000E+00  0.00000000E+00  0.00000000E+00
00044  6.34741317E+08  5.09994379E-01 -1.38999640E+00 -3.29406887E-01  3.57889384E+00  6.93292294E+00  4.85631633E+00  1.59210248E+01 -1.09733251E+00  6.93648491E-01  2.86232211E-01  3.52135014E-03  1.08719840E-03  1.00996545E-02  1.00896034E+03  1.07724695E+08  1.30268197E+11  4.06596494E-02  4.50733728E-06  0.00000000E+00  0.00000000E+00  0.00000000E+00  0.00000000E+00  0.00000000E+00  0.00000000E+00  0.00000000E+00  0.00000000E+00  0.00000000E+00
00045  7.61729581E+08  5.09993254E-01 -1.38977749E+00 -3.29328376E-01  3.57890931E+00  6.93303489E+00  4.85691745E+00  1.59214188E+01 -1.09685522E+00  6.92680087E-01  2.87200011E-01  3.51773034E-03  1.09142148E-03  1.00996544E-02  1.00923509E+03  1.07650471E+08  1.30202262E+11  4.06801833E-02  4.52928628E-06  0.00000000E+00  0.00000000E+00  0.00000000E+00  0.00000000E+00  0.00000000E+00  0.00000000E+00  0.00000000E+00  0.00000000E+00  0.00000000E+00
00046  9.14115497E+08  5.09991902E-01 -1.38951470E+00 -3.29234155E-01  3.57892790E+00  6.93316938E+00  4.85763968E+00  1.59218925E+01 -1.09628113E+00  6.91518174E-01  2.88361198E-01  3.51336244E-03  1.09651537E-03  1.00996561E-02  1.00956491E+03  1.07561444E+08  1.30123158E+11  4.07048429E-02  4.55577640E-06  0.00000000E+00  0.00000000E+00  0.00000000E+00  0.00000000E+00  0.00000000E+00  0.00000000E+00  0.00000000E+00  0.00000000E+00  0.00000000E+00
00047  1.09697860E+09  5.09990280E-01 -1.38919939E+00 -3.29121037E-01  3.57895017E+00  6.93333095E+00  4.85850758E+00  1.59224618E+01 -1.09559030E+00  6.90124125E-01  2.89754367E-01  3.50808601E-03  1.10267286E-03  1.00996545E-02  1.00996103E+03  1.07454705E+08  1.30028306E+11  4.07344535E-02  4.58778098E-06  0.00000000E+00  0.00000000E+00  0.00000000E+00  0.00000000E+00  0.00000000E+00  0.00000000E+00  0.00000000E+00  0.00000000E+00  0.00000000E+00
00048  1.31641432E+09  5.09988332E-01 -1.38882115E+00 -3.28985190E-01  3.57897680E+00  6.93352506E+00  4.85955074E+00  1.59231465E+01 -1.09475861E+00  6.88451627E-01  2.91425800E-01  3.50170363E-03  1.11012278E-03  1.00996513E-02  1.01043694E+03  1.07326762E+08  1.29914613E+11  4.07700056E-02  4.62649445E-06  0.00000000E+00  0.00000000E+00  0.00000000E+00  0.00000000E+00  0.00000000E+00  0.00000000E+00  0.00000000E+00  0.00000000E+00  0.00000000E+00
00049  1.57973718E+09  5.09985994E-01 -1.38836710E+00 -3.28822183E-01  3.57900881E+00  6.93375847E+00  4.86080510E+00  1.59239703E+01 -1.09375689E+00  6.86445155E-01  2.93430983E-01  3.49397121E-03  1.11913801E-03  1.00996580E-02  1.01100830E+03  1.07173395E+08  1.29778264E+11  4.08127160E-02  4.67342522E-06  0.00000000E+00  0.00000000E+00  0.00000000E+00  0.00000000E+00  0.00000000E+00  0.00000000E+00  0.00000000E+00  0.00000000E+00  0.00000000E+00
00050  1.89572461E+09  5.09983185E-01 -1.38782284E+00 -3.28626353E-01  3.57904696E+00  6.93403917E+00  4.86231398E+00  1.59249621E+01 -1.09254928E+00  6.84038157E-01  2.95836418E-01  3.48458531E-03  1.13008407E-03  1.00996614E-02  1.01169514E+03  1.06989735E+08  1.29615012E+11  4.08639774E-02  4.73041253E-06  0.00000000E+00  0.00000000E+00  0.00000000E+00  0.00000000E+00  0.00000000E+00  0.00000000E+00  0.00000000E+00  0.00000000E+00  0.00000000E+00
